  2.452  2.452  2.452  2.452  2.452  2.452  2.452  2.452  2.452  2.452  2.452  2.452  2.452  2.452  2.452  2.452  2.452  2.452  2.452
  2.452  2.452  2.452  2.452  2.452  2.452  2.452  2.452  2.452  2.452  2.452  2.452  2.452  2.452  2.452  2.452  2.452  2.452  2.452
  2.452  2.452  2.452  2.452  2.452  2.452  2.452  2.452  2.452  2.452  2.452  2.452  2.452  2.452  2.452  2.452  2.452  2.452  2.452
  2.452  2.452  2.452  2.452  2.452  2.452  2.452  2.452  2.452  2.452  2.452  2.452  2.452  2.452  2.452  2.452  2.452  2.452  2.452
  2.452  2.452  2.452  2.452  2.452  2.452  2.452  2.452  2.452  2.452  2.452  2.452  2.452  2.452  2.452  2.452  2.452  2.452  2.452
  2.452  2.452  2.452  2.452  2.452  2.452  2.452  2.452  2.452  2.452  2.452  2.452  2.452  2.452  2.452  2.452  2.452  2.452  2.452
  2.452  2.452  2.452  2.452  2.452  2.452  2.452  2.452  2.452  2.452  2.452  2.452  2.452  2.452  2.452  2.452  2.452  2.452  2.452
  2.452  2.452  2.452  2.452  2.452  2.452  2.452  2.452  2.452  2.452  2.452  2.452  2.452  2.452  2.452  2.452  2.452  2.452  2.452
  2.452  2.452  2.452  2.452  2.452  2.452  2.452  2.452  2.452  2.452  2.452  2.452  2.452  2.452  2.452  2.452  2.452  2.452  2.452
  2.452  2.452  2.452  2.452  2.452  2.452  2.452  2.452  2.452  2.452  2.452  2.452  2.452  2.452  2.452  2.452  2.452  2.452  2.452
  2.452  2.452  2.452  2.452  2.452  2.452  2.452  2.452  2.452  2.452  2.452  2.452  2.452  2.452  2.452  2.452  2.452  2.452  2.452
  2.452  2.452  2.452  2.452  2.452  2.452  2.452  2.452  2.452  2.452  2.452  2.452  2.452  2.452  2.452  2.452  2.452  2.452  2.452
  2.452  2.452  2.452  2.452  2.452  2.452  2.452  2.452  2.452  2.452  2.452  2.452  2.452  2.452  2.452  2.452  2.452  2.452  2.452
  2.452  2.452  2.452  2.452  2.452  2.452  2.452  2.452  2.452  2.452  2.452  2.452  2.452  2.452  2.452  2.452  2.452  2.452  2.452
  2.452  2.452  2.452  2.452  2.452  2.452  2.452  2.452  2.452  2.452  2.452  2.452  2.452  2.452  2.452  2.452  2.452  2.452  2.452
  2.452  2.452  2.452  2.452  2.452  2.452  2.452  2.452  2.452  2.452  2.452  2.452  2.452  2.452  2.452  2.452  2.452  2.452  2.452
  2.452  2.452  2.452  2.452  2.452  2.452  2.452  2.452  2.452  2.452  2.452  2.452  2.452  2.452  2.452  2.452  2.452  2.452  2.452
  2.452  2.452  2.452  2.452  2.452  2.452  2.452  2.452  2.452  2.452  2.452  2.452  2.452  2.452  2.452  2.452  2.452  2.452  2.452
  2.452  2.452  2.452  2.452  2.452  2.452  2.452  2.452  2.452  2.452  2.452  2.452  2.452  2.452  2.452  2.452  2.452  2.452  2.452
  2.452  2.452  2.452  2.452  2.452  2.452  2.452  2.452  2.452  2.452  2.452  2.452  2.452  2.452  2.452  2.452  2.452  2.452  2.452
  2.452  2.452  2.452  2.452  2.452  2.452  2.452  2.452  2.452  2.452  2.452  2.452  2.452  2.452  2.452  2.452  2.452  2.452  2.452
  2.452  2.452  2.452  2.452  2.452  2.452  2.452  2.452  2.452  2.452  2.452  2.452  2.452  2.452  2.452  2.452  2.452  2.452  2.452
  2.452  2.452  2.452  2.452  2.452  2.452  2.452  2.452  2.452  2.452  2.452  2.452  2.452  2.452  2.452  2.452  2.452  2.452  2.452
  2.657  2.657  2.657  2.657  2.657  2.657  2.657  2.657  2.657  2.657  2.657  2.657  2.657  2.657  2.657  2.657  2.657  2.657  2.657
  2.657  2.657  2.657  2.657  2.657  2.657  2.657  2.657  2.657  2.657  2.657  2.657  2.657  2.657  2.657  2.657  2.657  2.657  2.657
  2.657  2.657  2.657  2.657  2.657  2.657  2.657  2.657  2.657  2.657  2.657  2.657  2.657  2.657  2.657  2.657  2.657  2.657  2.657
  2.657  2.657  2.657  2.657  2.657  2.657  2.657  2.657  2.657  2.657  2.657  2.657  2.657  2.657  2.657  2.657  2.657  2.657  2.657
  2.657  2.657  2.657  2.657  2.657  2.657  2.657  2.657  2.657  2.657  2.657  2.657  2.657  2.657  2.657  2.657  2.657  2.657  2.657
  2.657  2.657  2.657  2.657  2.657  2.657  2.657  2.657  2.657  2.657  2.657  2.657  2.657  2.657  2.657  2.657  2.657  2.657  2.657
  2.657  2.657  2.657  2.657  2.657  2.657  2.657  2.657  2.657  2.657  2.657  2.657  2.657  2.657  2.657  2.657  2.657  2.657  2.657
  2.657  2.657  2.657  2.657  2.657  2.657  2.657  2.657  2.657  2.657  2.657  2.657  2.657  2.657  2.657  2.657  2.657  2.657  2.657
  2.657  2.657  2.657  2.657  2.657  2.657  2.657  2.657  2.657  2.657  2.657  2.657  2.657  2.657  2.657  2.657  2.657  2.657  2.657
  2.657  2.657  2.657  2.657  2.657  2.657  2.657  2.657  2.657  2.657  2.657  2.657  2.657  2.657  2.657  2.657  2.657  2.657  2.657
  2.657  2.657  2.657  2.657  2.657  2.657  2.657  2.657  2.657  2.657  2.657  2.657  2.657  2.657  2.657  2.657  2.657  2.657  2.657
  2.657  2.657  2.657  2.657  2.657  2.657  2.657  2.657  2.657  2.657  2.657  2.657  2.657  2.657  2.657  2.657  2.657  2.657  2.657
  2.657  2.657  2.657  2.657  2.657  2.657  2.657  2.657  2.657  2.657  2.657  2.657  2.657  2.657  2.657  2.657  2.657  2.657  2.657
  2.657  2.657  2.657  2.657  2.657  2.657  2.657  2.657  2.657  2.657  2.657  2.657  2.657  2.657  2.657  2.657  2.657  2.657  2.657
  2.657  2.657  2.657  2.657  2.657  2.657  2.657  2.657  2.657  2.657  2.657  2.657  2.657  2.657  2.657  2.657  2.657  2.657  2.657
  2.657  2.657  2.657  2.657  2.657  2.657  2.657  2.657  2.657  2.657  2.657  2.657  2.657  2.657  2.657  2.657  2.657  2.657  2.657
  2.657  2.657  2.657  2.657  2.657  2.657  2.657  2.657  2.657  2.657  2.657  2.657  2.657  2.657  2.657  2.657  2.657  2.657  2.657
  2.657  2.657  2.657  2.657  2.657  2.657  2.657  2.657  2.657  2.657  2.657  2.657  2.657  2.657  2.657  2.657  2.657  2.657  2.657
  2.657  2.657  2.657  2.657  2.657  2.657  2.657  2.657  2.657  2.657  2.657  2.657  2.657  2.657  2.657  2.657  2.657  2.657  2.657
  2.657  2.657  2.657  2.657  2.657  2.657  2.657  2.657  2.657  2.657  2.657  2.657  2.657  2.657  2.657  2.657  2.657  2.657  2.657
  2.657  2.657  2.657  2.657  2.657  2.657  2.657  2.657  2.657  2.657  2.657  2.657  2.657  2.657  2.657  2.657  2.657  2.657  2.657
  2.657  2.657  2.657  2.657  2.657  2.657  2.657  2.657  2.657  2.657  2.657  2.657  2.657  2.657  2.657  2.657  2.657  2.657  2.657
  2.657  2.657  2.657  2.657  2.657  2.657  2.657  2.657  2.657  2.657  2.657  2.657  2.657  2.657  2.657  2.657  2.657  2.657  2.657
  2.794  2.794  2.794  2.794  2.794  2.794  2.794  2.794  2.794  2.794  2.794  2.794  2.794  2.794  2.794  2.794  2.794  2.794  2.794
  2.794  2.794  2.794  2.794  2.794  2.794  2.794  2.794  2.794  2.794  2.794  2.794  2.794  2.794  2.794  2.794  2.794  2.794  2.794
  2.794  2.794  2.794  2.794  2.794  2.794  2.794  2.794  2.794  2.794  2.794  2.794  2.794  2.794  2.794  2.794  2.794  2.794  2.794
  2.794  2.794  2.794  2.794  2.794  2.794  2.794  2.794  2.794  2.794  2.794  2.794  2.794  2.794  2.794  2.794  2.794  2.794  2.794
  2.794  2.794  2.794  2.794  2.794  2.794  2.794  2.794  2.794  2.794  2.794  2.794  2.794  2.794  2.794  2.794  2.794  2.794  2.794
  2.794  2.794  2.794  2.794  2.794  2.794  2.794  2.794  2.794  2.794  2.794  2.794  2.794  2.794  2.794  2.794  2.794  2.794  2.794
  2.794  2.794  2.794  2.794  2.794  2.794  2.794  2.794  2.794  2.794  2.794  2.794  2.794  2.794  2.794  2.794  2.794  2.794  2.794
  2.794  2.794  2.794  2.794  2.794  2.794  2.794  2.794  2.794  2.794  2.794  2.794  2.794  2.794  2.794  2.794  2.794  2.794  2.794
  2.794  2.794  2.794  2.794  2.794  2.794  2.794  2.794  2.794  2.794  2.794  2.794  2.794  2.794  2.794  2.794  2.794  2.594  2.794
  2.794  2.794  2.794  2.794  2.794  2.794  2.794  2.794  2.794  2.794  2.587  2.773  2.794  2.794  2.794  2.794  2.794  2.668  2.794
  2.794  2.794  2.794  2.794  2.794  2.794  2.794  2.794  2.794  2.794  2.855  2.813  2.794  3.128  3.003  2.794  2.794  3.031  2.794
  2.794  2.794  2.794  2.794  2.794  2.794  2.794  2.794  2.794  2.794  2.970  2.922  2.794  3.139  2.794  2.794  2.794  2.794  2.794
  2.794  2.794  2.794  2.794  2.794  2.794  2.794  2.794  2.794  2.794  2.794  2.794  2.957  2.802  2.794  2.794  2.794  2.812  2.794
  2.794  2.794  2.794  2.794  2.794  2.794  2.794  2.794  2.794  2.794  2.794  2.697  2.616  2.673  2.793  3.125  2.794  2.525  2.794
  2.794  2.794  2.794  2.794  2.794  2.794  2.794  2.794  2.794  2.794  2.794  2.794  2.671  2.794  2.865  3.194  2.794  2.628  2.794
  2.794  2.794  2.794  2.794  2.794  2.794  2.794  2.794  2.794  2.794  2.794  2.794  2.794  2.794  3.194  3.194  2.794  2.794  2.794
  2.794  2.794  2.794  2.794  2.794  2.794  2.794  2.794  2.794  2.794  2.794  2.794  2.794  2.794  2.794  2.794  2.728  2.794  2.794
  2.794  2.794  2.794  2.794  2.794  2.794  2.794  2.794  2.794  2.794  2.794  2.794  2.794  2.794  2.794  2.794  2.794  2.794  2.794
  2.794  2.794  2.794  2.794  2.794  2.794  2.794  2.794  2.794  2.794  2.794  2.794  2.794  2.794  2.794  2.794  2.794  2.794  2.794
  2.794  2.794  2.794  2.794  2.794  2.794  2.794  2.794  2.794  2.794  2.794  2.794  2.794  2.794  2.794  2.794  2.794  2.794  2.794
  2.794  2.794  2.794  2.794  2.794  2.794  2.794  2.794  2.794  2.794  2.794  2.794  2.794  2.794  2.794  2.794  2.794  2.794  2.794
  2.794  2.794  2.794  2.794  2.794  2.794  2.794  2.794  2.794  2.794  2.794  2.794  2.794  2.794  2.794  2.794  2.794  2.794  2.794
  2.794  2.794  2.794  2.794  2.794  2.794  2.794  2.794  2.794  2.794  2.794  2.794  2.794  2.794  2.794  2.794  2.794  2.794  2.794
  3.905  3.905  3.905  3.905  3.905  3.905  3.905  3.905  3.905  3.905  3.905  3.905  3.905  3.905  3.905  3.905  3.905  3.905  3.905
  3.905  3.905  3.905  3.905  3.905  3.905  3.905  3.905  3.905  3.905  3.905  3.905  3.905  3.905  3.905  3.905  3.905  3.905  3.905
  3.905  3.905  3.905  3.905  3.905  3.905  3.905  3.905  3.905  3.905  3.905  3.905  3.905  3.905  3.905  3.905  3.905  3.905  3.905
  3.905  3.905  3.905  3.905  3.905  3.905  3.905  3.905  3.905  3.905  3.905  3.905  3.905  3.905  3.905  3.905  3.905  3.905  3.905
  3.905  3.905  3.905  3.905  3.905  3.905  3.905  3.905  3.905  3.905  3.905  3.905  3.905  3.905  3.905  3.905  3.905  3.905  3.905
  3.905  3.905  3.905  3.905  3.905  3.905  3.905  3.905  3.905  3.905  3.905  3.905  3.905  3.905  3.905  3.905  3.905  3.905  3.905
  3.905  3.905  3.905  3.905  3.905  3.905  3.905  3.905  3.905  3.905  3.905  3.905  3.905  3.905  3.905  3.905  3.905  3.905  3.905
  3.905  3.905  3.905  3.905  3.905  3.905  3.905  3.905  3.905  3.905  3.905  3.905  3.905  3.905  3.905  3.905  3.905  3.905  3.905
  3.905  3.905  3.905  3.905  3.905  3.905  3.905  3.905  3.905  3.905  3.905  3.905  3.905  3.905  3.773  3.905  3.905  4.044  3.905
  3.905  3.905  3.905  3.905  3.905  3.905  3.905  3.905  3.905  3.905  3.560  3.826  3.905  3.905  3.679  3.905  3.988  3.910  3.905
  3.905  3.905  3.905  3.905  3.905  3.905  3.905  3.905  3.905  3.905  3.772  4.019  3.825  4.202  4.028  4.286  4.164  3.906  3.905
  3.905  3.905  3.905  3.905  3.905  3.905  3.905  3.905  3.905  3.905  4.304  3.953  3.733  3.925  3.853  4.292  4.167  3.902  3.905
  3.905  3.905  3.905  3.905  3.905  3.905  3.905  3.905  3.905  3.905  3.905  4.305  3.858  3.874  3.649  3.770  3.905  3.806  3.905
  3.905  3.905  3.905  3.905  3.905  3.905  3.905  3.905  3.905  3.905  3.705  3.884  3.865  3.876  3.864  3.952  3.905  3.692  3.905
  3.905  3.905  3.905  3.905  3.905  3.905  3.905  3.905  3.905  3.905  3.905  3.930  3.882  3.505  3.659  3.629  3.905  3.777  3.905
  3.905  3.905  3.905  3.905  3.905  3.905  3.905  3.905  3.905  3.905  3.505  3.599  3.905  3.905  3.967  4.116  4.039  3.905  3.905
  3.905  3.905  3.905  3.905  3.905  3.905  3.905  3.905  3.905  3.905  3.905  3.505  3.905  3.905  3.905  3.557  3.688  3.905  3.905
  3.905  3.905  3.905  3.905  3.905  3.905  3.905  3.905  3.905  3.905  3.905  3.905  3.905  3.905  3.905  3.905  3.905  3.905  3.905
  3.905  3.905  3.905  3.905  3.905  3.905  3.905  3.905  3.905  3.905  3.905  3.905  3.905  3.905  3.905  3.905  3.905  3.905  3.905
  3.905  3.905  3.905  3.905  3.905  3.905  3.905  3.905  3.905  3.905  3.905  3.905  3.905  3.905  3.905  3.905  3.905  3.905  3.905
  3.905  3.905  3.905  3.905  3.905  3.905  3.905  3.905  3.905  3.905  3.905  3.905  3.905  3.905  3.905  3.905  3.905  3.905  3.905
  3.905  3.905  3.905  3.905  3.905  3.905  3.905  3.905  3.905  3.905  3.905  3.905  3.905  3.905  3.905  3.905  3.905  3.905  3.905
  3.905  3.905  3.905  3.905  3.905  3.905  3.905  3.905  3.905  3.905  3.905  3.905  3.905  3.905  3.905  3.905  3.905  3.905  3.905
  4.042  4.042  4.042  4.042  4.042  4.042  4.042  4.042  4.042  4.042  4.042  4.042  4.042  4.042  4.042  4.042  4.042  4.042  4.042
  4.042  4.042  4.042  4.042  4.042  4.042  4.042  4.042  4.042  4.042  4.042  4.042  4.042  4.042  4.042  4.042  4.042  4.042  4.042
  4.042  4.042  4.042  4.042  4.042  4.042  4.042  4.042  4.042  4.042  4.042  4.042  4.042  4.042  4.042  4.042  4.042  4.042  4.042
  4.042  4.042  4.042  4.042  4.042  4.042  4.042  4.042  4.042  4.042  4.042  4.042  4.042  4.042  4.042  4.042  4.042  4.042  4.042
  4.042  4.042  4.042  4.042  4.042  4.042  4.042  4.042  4.042  4.042  4.042  4.042  4.042  4.042  4.042  4.042  4.042  4.042  4.042
  4.042  4.042  4.042  4.042  4.042  4.042  4.042  4.042  4.042  4.042  4.042  4.042  4.042  4.042  4.042  4.042  4.042  4.042  4.042
  4.042  4.042  4.042  4.042  4.042  4.042  4.042  4.042  4.042  4.042  4.042  4.042  4.042  4.042  4.042  4.042  4.042  4.042  4.042
  4.042  4.042  4.042  4.042  4.042  4.042  4.042  4.042  4.042  4.042  4.042  4.042  4.042  4.042  4.042  4.042  4.042  4.042  4.042
  4.042  4.042  4.042  4.042  4.042  4.042  4.042  4.042  4.042  4.042  4.042  4.042  4.042  4.042  4.115  4.042  4.042  4.220  4.042
  4.042  4.042  4.042  4.042  4.042  4.042  4.042  4.042  4.042  4.042  4.164  4.442  4.042  4.042  4.258  3.816  3.662  4.214  4.042
  4.042  4.042  4.042  4.042  4.042  4.042  4.042  4.042  4.042  4.042  3.979  4.053  3.852  3.852  3.906  4.144  3.875  3.952  4.042
  4.042  4.042  4.042  4.042  4.042  4.042  4.042  4.042  4.042  4.042  4.038  4.187  4.017  4.073  4.146  3.870  4.160  4.101  4.042
  4.042  4.042  4.042  4.042  4.042  4.042  4.042  4.042  4.042  4.042  4.315  3.827  4.172  3.977  4.145  3.947  3.904  4.054  4.042
  4.042  4.042  4.042  4.042  4.042  4.042  4.042  4.042  4.042  4.042  4.042  4.016  3.994  4.046  3.837  3.911  4.042  3.651  4.042
  4.042  4.042  4.042  4.042  4.042  4.042  4.042  4.042  4.042  4.042  3.716  3.719  3.642  3.642  4.084  4.129  4.042  3.893  4.042
  4.042  4.042  4.042  4.042  4.042  4.042  4.042  4.042  4.042  4.042  3.912  3.823  4.042  4.042  3.793  3.809  4.054  4.042  4.042
  4.042  4.042  4.042  4.042  4.042  4.042  4.042  4.042  4.042  4.042  4.042  3.842  4.042  4.042  4.042  3.642  3.642  4.042  4.042
  4.042  4.042  4.042  4.042  4.042  4.042  4.042  4.042  4.042  4.042  4.042  4.042  4.042  4.042  4.042  4.042  4.042  4.042  4.042
  4.042  4.042  4.042  4.042  4.042  4.042  4.042  4.042  4.042  4.042  4.042  4.042  4.042  4.042  4.042  4.042  4.042  4.042  4.042
  4.042  4.042  4.042  4.042  4.042  4.042  4.042  4.042  4.042  4.042  4.042  4.042  4.042  4.042  4.042  4.042  4.042  4.042  4.042
  4.042  4.042  4.042  4.042  4.042  4.042  4.042  4.042  4.042  4.042  4.042  4.042  4.042  4.042  4.042  4.042  4.042  4.042  4.042
  4.042  4.042  4.042  4.042  4.042  4.042  4.042  4.042  4.042  4.042  4.042  4.042  4.042  4.042  4.042  4.042  4.042  4.042  4.042
  4.042  4.042  4.042  4.042  4.042  4.042  4.042  4.042  4.042  4.042  4.042  4.042  4.042  4.042  4.042  4.042  4.042  4.042  4.042
  4.407  4.407  4.407  4.407  4.407  4.407  4.407  4.407  4.407  4.407  4.407  4.407  4.407  4.407  4.407  4.407  4.407  4.407  4.407
  4.407  4.407  4.407  4.407  4.407  4.407  4.407  4.407  4.407  4.407  4.407  4.407  4.407  4.407  4.407  4.407  4.407  4.407  4.407
  4.407  4.407  4.407  4.407  4.407  4.407  4.407  4.407  4.407  4.407  4.407  4.407  4.407  4.407  4.407  4.407  4.407  4.407  4.407
  4.407  4.407  4.407  4.407  4.407  4.407  4.407  4.407  4.407  4.407  4.407  4.407  4.407  4.407  4.407  4.407  4.407  4.407  4.407
  4.407  4.407  4.407  4.407  4.407  4.407  4.407  4.407  4.407  4.407  4.407  4.407  4.407  4.407  4.407  4.407  4.407  4.407  4.407
  4.407  4.407  4.407  4.407  4.407  4.407  4.407  4.407  4.407  4.407  4.407  4.407  4.407  4.407  4.407  4.407  4.407  4.407  4.407
  4.407  4.407  4.407  4.407  4.407  4.407  4.407  4.407  4.407  4.407  4.407  4.407  4.407  4.407  4.407  4.407  4.407  4.407  4.407
  4.407  4.407  4.407  4.407  4.407  4.407  4.407  4.407  4.407  4.407  4.407  4.407  4.407  4.407  4.407  4.407  4.607  4.407  4.407
  4.407  4.407  4.407  4.407  4.407  4.407  4.407  4.407  4.407  4.407  4.407  4.407  4.407  4.407  4.560  4.372  4.407  4.007  4.407
  4.407  4.407  4.407  4.407  4.407  4.407  4.407  4.407  4.407  4.407  4.407  4.352  4.407  4.602  4.183  4.007  4.007  4.382  4.407
  4.407  4.407  4.407  4.407  4.407  4.407  4.407  4.407  4.407  4.407  4.350  4.238  4.697  4.807  4.395  4.293  4.622  4.426  4.407
  4.407  4.407  4.407  4.407  4.407  4.407  4.407  4.407  4.407  4.407  4.558  4.327  4.420  4.442  4.533  4.262  4.261  4.397  4.407
  4.407  4.407  4.407  4.407  4.407  4.407  4.407  4.407  4.407  4.407  4.478  4.393  4.406  4.544  4.409  4.749  4.273  4.404  4.407
  4.407  4.407  4.407  4.407  4.407  4.407  4.407  4.407  4.407  4.407  4.248  4.552  4.490  4.359  4.557  4.070  4.119  4.560  4.407
  4.407  4.407  4.407  4.407  4.407  4.407  4.407  4.407  4.407  4.407  4.566  4.525  4.587  4.318  4.007  4.293  4.486  4.396  4.407
  4.407  4.407  4.407  4.407  4.407  4.407  4.407  4.407  4.407  4.407  4.227  4.435  4.407  4.407  4.674  4.581  4.354  4.407  4.407
  4.407  4.407  4.407  4.407  4.407  4.407  4.407  4.407  4.407  4.407  4.407  4.407  4.407  4.407  4.407  4.407  4.407  4.407  4.407
  4.407  4.407  4.407  4.407  4.407  4.407  4.407  4.407  4.407  4.407  4.407  4.407  4.407  4.407  4.407  4.407  4.407  4.407  4.407
  4.407  4.407  4.407  4.407  4.407  4.407  4.407  4.407  4.407  4.407  4.407  4.407  4.407  4.407  4.407  4.407  4.407  4.407  4.407
  4.407  4.407  4.407  4.407  4.407  4.407  4.407  4.407  4.407  4.407  4.407  4.407  4.407  4.407  4.407  4.407  4.407  4.407  4.407
  4.407  4.407  4.407  4.407  4.407  4.407  4.407  4.407  4.407  4.407  4.407  4.407  4.407  4.407  4.407  4.407  4.407  4.407  4.407
  4.407  4.407  4.407  4.407  4.407  4.407  4.407  4.407  4.407  4.407  4.407  4.407  4.407  4.407  4.407  4.407  4.407  4.407  4.407
  4.407  4.407  4.407  4.407  4.407  4.407  4.407  4.407  4.407  4.407  4.407  4.407  4.407  4.407  4.407  4.407  4.407  4.407  4.407
  4.407  4.407  4.407  4.407  4.407  4.407  4.407  4.407  4.407  4.407  4.407  4.407  4.407  4.407  4.407  4.407  4.407  4.407  4.407
  4.407  4.407  4.407  4.407  4.407  4.407  4.407  4.407  4.407  4.407  4.407  4.407  4.407  4.407  4.407  4.407  4.407  4.407  4.407
  4.407  4.407  4.407  4.407  4.407  4.407  4.407  4.407  4.407  4.407  4.407  4.407  4.407  4.407  4.407  4.407  4.407  4.407  4.407
  4.407  4.407  4.407  4.407  4.407  4.407  4.407  4.407  4.407  4.407  4.407  4.407  4.407  4.407  4.407  4.407  4.407  4.407  4.407
  4.407  4.407  4.407  4.407  4.407  4.407  4.407  4.407  4.407  4.407  4.407  4.407  4.407  4.407  4.407  4.407  4.407  4.407  4.407
  4.407  4.407  4.407  4.407  4.407  4.407  4.407  4.407  4.407  4.407  4.407  4.407  4.407  4.407  4.407  4.407  4.407  4.407  4.407
  4.407  4.407  4.407  4.407  4.407  4.407  4.407  4.407  4.407  4.407  4.407  4.407  4.407  4.407  4.407  4.407  4.407  4.407  4.407
  4.407  4.407  4.407  4.407  4.407  4.407  4.407  4.407  4.407  4.407  4.407  4.407  4.407  4.407  4.407  4.407  4.407  4.407  4.407
  4.407  4.407  4.407  4.407  4.407  4.407  4.407  4.407  4.407  4.407  4.407  4.407  4.407  4.407  4.230  4.549  4.407  4.620  4.407
  4.407  4.407  4.407  4.407  4.407  4.407  4.407  4.407  4.407  4.407  4.407  4.407  4.407  4.262  4.230  4.410  4.267  4.378  4.407
  4.407  4.407  4.407  4.407  4.407  4.407  4.407  4.407  4.407  4.407  4.207  4.544  4.463  4.317  4.140  4.288  4.375  4.434  4.407
  4.407  4.407  4.407  4.407  4.407  4.407  4.407  4.407  4.407  4.407  4.670  4.227  4.489  4.660  4.414  4.460  4.576  4.258  4.407
  4.407  4.407  4.407  4.407  4.407  4.407  4.407  4.407  4.407  4.407  4.807  4.157  4.351  4.514  4.168  4.318  4.294  4.112  4.407
  4.407  4.407  4.407  4.407  4.407  4.407  4.407  4.407  4.407  4.407  4.518  4.282  4.407  4.350  4.385  4.174  4.322  4.419  4.407
  4.407  4.407  4.407  4.407  4.407  4.407  4.407  4.407  4.407  4.407  4.807  4.407  4.207  4.407  4.399  4.370  4.407  4.407  4.407
  4.407  4.407  4.407  4.407  4.407  4.407  4.407  4.407  4.407  4.407  4.407  4.407  4.407  4.407  4.407  4.607  4.407  4.407  4.407
  4.407  4.407  4.407  4.407  4.407  4.407  4.407  4.407  4.407  4.407  4.407  4.407  4.407  4.407  4.407  4.407  4.407  4.407  4.407
  4.407  4.407  4.407  4.407  4.407  4.407  4.407  4.407  4.407  4.407  4.407  4.407  4.407  4.407  4.407  4.407  4.407  4.407  4.407
  4.407  4.407  4.407  4.407  4.407  4.407  4.407  4.407  4.407  4.407  4.407  4.407  4.407  4.407  4.407  4.407  4.407  4.407  4.407
  4.407  4.407  4.407  4.407  4.407  4.407  4.407  4.407  4.407  4.407  4.407  4.407  4.407  4.407  4.407  4.407  4.407  4.407  4.407
  4.407  4.407  4.407  4.407  4.407  4.407  4.407  4.407  4.407  4.407  4.407  4.407  4.407  4.407  4.407  4.407  4.407  4.407  4.407
  4.407  4.407  4.407  4.407  4.407  4.407  4.407  4.407  4.407  4.407  4.407  4.407  4.407  4.407  4.407  4.407  4.407  4.407  4.407
  4.407  4.407  4.407  4.407  4.407  4.407  4.407  4.407  4.407  4.407  4.407  4.407  4.407  4.407  4.407  4.407  4.407  4.407  4.407
  4.413  4.413  4.413  4.413  4.413  4.413  4.413  4.413  4.413  4.413  4.413  4.413  4.413  4.413  4.413  4.413  4.413  4.413  4.413
  4.413  4.413  4.413  4.413  4.413  4.413  4.413  4.413  4.413  4.413  4.413  4.413  4.413  4.413  4.413  4.413  4.413  4.413  4.413
  4.413  4.413  4.413  4.413  4.413  4.413  4.413  4.413  4.413  4.413  4.413  4.413  4.413  4.413  4.413  4.413  4.413  4.413  4.413
  4.413  4.413  4.413  4.413  4.413  4.413  4.413  4.413  4.413  4.413  4.413  4.413  4.413  4.413  4.413  4.413  4.413  4.413  4.413
  4.413  4.413  4.413  4.413  4.413  4.413  4.413  4.413  4.413  4.413  4.413  4.413  4.413  4.413  4.413  4.413  4.413  4.413  4.413
  4.413  4.413  4.413  4.413  4.413  4.413  4.413  4.413  4.413  4.413  4.413  4.413  4.413  4.413  4.413  4.413  4.413  4.413  4.413
  4.413  4.413  4.413  4.413  4.413  4.413  4.413  4.413  4.413  4.413  4.413  4.413  4.413  4.413  4.413  4.413  4.413  4.413  4.413
  4.413  4.413  4.413  4.413  4.413  4.413  4.413  4.413  4.413  4.413  4.413  4.413  4.413  4.413  4.413  4.413  4.413  4.413  4.413
  4.413  4.413  4.413  4.413  4.413  4.413  4.413  4.413  4.413  4.413  4.413  4.413  4.413  4.413  4.413  4.413  4.413  4.413  4.413
  4.413  4.413  4.413  4.413  4.413  4.413  4.413  4.413  4.413  4.413  4.413  4.413  4.413  4.413  4.402  4.413  4.413  4.413  4.413
  4.413  4.413  4.413  4.413  4.413  4.413  4.413  4.413  4.413  4.413  4.413  4.413  4.413  4.551  4.192  4.462  4.514  4.462  4.413
  4.413  4.413  4.413  4.413  4.413  4.413  4.413  4.413  4.413  4.413  4.413  4.613  4.331  4.468  4.336  4.768  4.383  4.487  4.413
  4.413  4.413  4.413  4.413  4.413  4.413  4.413  4.413  4.413  4.413  4.413  4.413  4.506  4.441  4.506  4.240  4.276  4.290  4.413
  4.413  4.413  4.413  4.413  4.413  4.413  4.413  4.413  4.413  4.413  4.413  4.413  4.413  4.561  4.307  4.568  4.709  4.410  4.413
  4.413  4.413  4.413  4.413  4.413  4.413  4.413  4.413  4.413  4.413  4.413  4.413  4.413  4.413  4.413  4.413  4.413  4.413  4.413
  4.413  4.413  4.413  4.413  4.413  4.413  4.413  4.413  4.413  4.413  4.413  4.413  4.413  4.413  4.413  4.413  4.413  4.413  4.413
  4.413  4.413  4.413  4.413  4.413  4.413  4.413  4.413  4.413  4.413  4.413  4.413  4.413  4.413  4.413  4.413  4.413  4.413  4.413
  4.413  4.413  4.413  4.413  4.413  4.413  4.413  4.413  4.413  4.413  4.413  4.413  4.413  4.413  4.413  4.413  4.413  4.413  4.413
  4.413  4.413  4.413  4.413  4.413  4.413  4.413  4.413  4.413  4.413  4.413  4.413  4.413  4.413  4.413  4.413  4.413  4.413  4.413
  4.413  4.413  4.413  4.413  4.413  4.413  4.413  4.413  4.413  4.413  4.413  4.413  4.413  4.413  4.413  4.413  4.413  4.413  4.413
  4.413  4.413  4.413  4.413  4.413  4.413  4.413  4.413  4.413  4.413  4.413  4.413  4.413  4.413  4.413  4.413  4.413  4.413  4.413
  4.413  4.413  4.413  4.413  4.413  4.413  4.413  4.413  4.413  4.413  4.413  4.413  4.413  4.413  4.413  4.413  4.413  4.413  4.413
  4.413  4.413  4.413  4.413  4.413  4.413  4.413  4.413  4.413  4.413  4.413  4.413  4.413  4.413  4.413  4.413  4.413  4.413  4.413
  4.413  4.413  4.413  4.413  4.413  4.413  4.413  4.413  4.413  4.413  4.413  4.413  4.413  4.413  4.413  4.413  4.413  4.413  4.413
  4.413  4.413  4.413  4.413  4.413  4.413  4.413  4.413  4.413  4.413  4.413  4.413  4.413  4.413  4.413  4.413  4.413  4.413  4.413
  4.413  4.413  4.413  4.413  4.413  4.413  4.413  4.413  4.413  4.413  4.413  4.413  4.413  4.413  4.413  4.413  4.413  4.413  4.413
  4.413  4.413  4.413  4.413  4.413  4.413  4.413  4.413  4.413  4.413  4.413  4.413  4.413  4.413  4.413  4.413  4.413  4.413  4.413
  4.413  4.413  4.413  4.413  4.413  4.413  4.413  4.413  4.413  4.413  4.413  4.413  4.413  4.413  4.413  4.413  4.413  4.413  4.413
  4.413  4.413  4.413  4.413  4.413  4.413  4.413  4.413  4.413  4.413  4.413  4.413  4.413  4.413  4.413  4.413  4.413  4.413  4.413
  4.413  4.413  4.413  4.413  4.413  4.413  4.413  4.413  4.413  4.413  4.413  4.413  4.413  4.413  4.413  4.413  4.413  4.413  4.413
  4.413  4.413  4.413  4.413  4.413  4.413  4.413  4.413  4.413  4.413  4.413  4.413  4.413  4.413  4.413  4.413  4.413  4.413  4.413
  4.413  4.413  4.413  4.413  4.413  4.413  4.413  4.413  4.413  4.413  4.413  4.413  4.413  4.413  4.413  4.413  4.413  4.413  4.413
  4.413  4.413  4.413  4.413  4.413  4.413  4.413  4.413  4.413  4.413  4.413  4.413  4.413  4.413  4.413  4.413  4.413  4.413  4.413
  4.413  4.413  4.413  4.413  4.413  4.413  4.413  4.413  4.413  4.413  4.413  4.413  4.413  4.413  4.413  4.413  4.738  4.413  4.413
  4.413  4.413  4.413  4.413  4.413  4.413  4.413  4.413  4.413  4.413  4.413  4.413  4.543  4.803  4.380  4.312  4.743  4.725  4.413
  4.413  4.413  4.413  4.413  4.413  4.413  4.413  4.413  4.413  4.413  4.413  4.413  4.437  4.502  4.490  4.496  4.625  4.377  4.413
  4.413  4.413  4.413  4.413  4.413  4.413  4.413  4.413  4.413  4.413  4.413  4.413  4.413  4.635  4.279  4.314  4.439  4.413  4.413
  4.413  4.413  4.413  4.413  4.413  4.413  4.413  4.413  4.413  4.413  4.413  4.413  4.413  4.413  4.413  4.413  4.413  4.413  4.413
  4.413  4.413  4.413  4.413  4.413  4.413  4.413  4.413  4.413  4.413  4.413  4.413  4.413  4.413  4.413  4.413  4.413  4.413  4.413
  4.413  4.413  4.413  4.413  4.413  4.413  4.413  4.413  4.413  4.413  4.413  4.413  4.413  4.413  4.413  4.413  4.413  4.413  4.413
  4.413  4.413  4.413  4.413  4.413  4.413  4.413  4.413  4.413  4.413  4.413  4.413  4.413  4.413  4.413  4.413  4.413  4.413  4.413
  4.413  4.413  4.413  4.413  4.413  4.413  4.413  4.413  4.413  4.413  4.413  4.413  4.413  4.413  4.413  4.413  4.413  4.413  4.413
  4.413  4.413  4.413  4.413  4.413  4.413  4.413  4.413  4.413  4.413  4.413  4.413  4.413  4.413  4.413  4.413  4.413  4.413  4.413
  4.413  4.413  4.413  4.413  4.413  4.413  4.413  4.413  4.413  4.413  4.413  4.413  4.413  4.413  4.413  4.413  4.413  4.413  4.413
  4.413  4.413  4.413  4.413  4.413  4.413  4.413  4.413  4.413  4.413  4.413  4.413  4.413  4.413  4.413  4.413  4.413  4.413  4.413
  4.413  4.413  4.413  4.413  4.413  4.413  4.413  4.413  4.413  4.413  4.413  4.413  4.413  4.413  4.413  4.413  4.413  4.413  4.413
  4.413  4.413  4.413  4.413  4.413  4.413  4.413  4.413  4.413  4.413  4.413  4.413  4.413  4.413  4.413  4.413  4.413  4.413  4.413
  4.413  4.413  4.413  4.413  4.413  4.413  4.413  4.413  4.413  4.413  4.413  4.413  4.413  4.413  4.413  4.413  4.413  4.413  4.413
  4.413  4.413  4.413  4.413  4.413  4.413  4.413  4.413  4.413  4.413  4.413  4.413  4.413  4.413  4.413  4.413  4.413  4.413  4.413
  4.413  4.413  4.413  4.413  4.413  4.413  4.413  4.413  4.413  4.413  4.413  4.413  4.413  4.413  4.413  4.413  4.413  4.413  4.413
  4.413  4.413  4.413  4.413  4.413  4.413  4.413  4.413  4.413  4.413  4.413  4.413  4.413  4.413  4.413  4.413  4.413  4.413  4.413
  4.413  4.413  4.413  4.413  4.413  4.413  4.413  4.413  4.413  4.413  4.413  4.413  4.413  4.413  4.413  4.413  4.413  4.413  4.413
  4.413  4.413  4.413  4.413  4.413  4.413  4.413  4.413  4.413  4.413  4.413  4.413  4.413  4.413  4.413  4.413  4.413  4.413  4.413
  4.413  4.413  4.413  4.413  4.413  4.413  4.413  4.413  4.413  4.413  4.413  4.413  4.413  4.413  4.413  4.413  4.413  4.413  4.413
  4.413  4.413  4.413  4.413  4.413  4.413  4.413  4.413  4.413  4.413  4.413  4.413  4.413  4.413  4.413  4.413  4.413  4.413  4.413
  4.413  4.413  4.413  4.413  4.413  4.413  4.413  4.413  4.413  4.413  4.413  4.413  4.413  4.413  4.413  4.413  4.413  4.413  4.413
  4.413  4.413  4.413  4.413  4.413  4.413  4.413  4.413  4.413  4.413  4.413  4.413  4.413  4.413  4.413  4.413  4.431  4.372  4.413
  4.413  4.413  4.413  4.413  4.413  4.413  4.413  4.413  4.413  4.413  4.413  4.413  4.490  4.347  4.636  4.485  4.355  4.555  4.413
  4.413  4.413  4.413  4.413  4.413  4.413  4.413  4.413  4.413  4.413  4.413  4.413  4.505  4.315  4.477  4.501  4.545  4.449  4.413
  4.413  4.413  4.413  4.413  4.413  4.413  4.413  4.413  4.413  4.413  4.413  4.413  4.413  4.429  4.403  4.453  4.413  4.413  4.413
  4.413  4.413  4.413  4.413  4.413  4.413  4.413  4.413  4.413  4.413  4.413  4.413  4.413  4.413  4.413  4.413  4.413  4.413  4.413
  4.413  4.413  4.413  4.413  4.413  4.413  4.413  4.413  4.413  4.413  4.413  4.413  4.413  4.413  4.413  4.413  4.413  4.413  4.413
  4.413  4.413  4.413  4.413  4.413  4.413  4.413  4.413  4.413  4.413  4.413  4.413  4.413  4.413  4.413  4.413  4.413  4.413  4.413
  4.413  4.413  4.413  4.413  4.413  4.413  4.413  4.413  4.413  4.413  4.413  4.413  4.413  4.413  4.413  4.413  4.413  4.413  4.413
  4.413  4.413  4.413  4.413  4.413  4.413  4.413  4.413  4.413  4.413  4.413  4.413  4.413  4.413  4.413  4.413  4.413  4.413  4.413
  4.413  4.413  4.413  4.413  4.413  4.413  4.413  4.413  4.413  4.413  4.413  4.413  4.413  4.413  4.413  4.413  4.413  4.413  4.413
  4.413  4.413  4.413  4.413  4.413  4.413  4.413  4.413  4.413  4.413  4.413  4.413  4.413  4.413  4.413  4.413  4.413  4.413  4.413
  4.413  4.413  4.413  4.413  4.413  4.413  4.413  4.413  4.413  4.413  4.413  4.413  4.413  4.413  4.413  4.413  4.413  4.413  4.413
  4.413  4.413  4.413  4.413  4.413  4.413  4.413  4.413  4.413  4.413  4.413  4.413  4.413  4.413  4.413  4.413  4.413  4.413  4.413
  4.447  4.447  4.447  4.447  4.447  4.447  4.447  4.447  4.447  4.447  4.447  4.447  4.447  4.447  4.447  4.447  4.447  4.447  4.447
  4.447  4.447  4.447  4.447  4.447  4.447  4.447  4.447  4.447  4.447  4.447  4.447  4.447  4.447  4.447  4.447  4.447  4.447  4.447
  4.447  4.447  4.447  4.447  4.447  4.447  4.447  4.447  4.447  4.447  4.447  4.447  4.447  4.447  4.447  4.447  4.447  4.447  4.447
  4.447  4.447  4.447  4.447  4.447  4.447  4.447  4.447  4.447  4.447  4.447  4.447  4.447  4.447  4.447  4.447  4.447  4.447  4.447
  4.447  4.447  4.447  4.447  4.447  4.447  4.447  4.447  4.447  4.447  4.447  4.447  4.447  4.447  4.447  4.447  4.447  4.447  4.447
  4.447  4.447  4.447  4.447  4.447  4.447  4.447  4.447  4.447  4.447  4.447  4.447  4.447  4.447  4.447  4.447  4.447  4.447  4.447
  4.447  4.447  4.447  4.447  4.447  4.447  4.447  4.447  4.447  4.447  4.447  4.447  4.447  4.447  4.447  4.447  4.447  4.447  4.447
  4.447  4.447  4.447  4.447  4.447  4.447  4.447  4.447  4.447  4.447  4.447  4.447  4.447  4.447  4.447  4.447  4.447  4.447  4.447
  4.447  4.447  4.447  4.447  4.447  4.447  4.447  4.447  4.447  4.447  4.447  4.447  4.447  4.447  4.447  4.447  4.447  4.447  4.447
  4.447  4.447  4.447  4.447  4.447  4.447  4.447  4.447  4.447  4.447  4.447  4.447  4.447  4.447  4.447  4.447  4.447  4.447  4.447
  4.447  4.447  4.447  4.447  4.447  4.447  4.447  4.447  4.447  4.447  4.447  4.447  4.447  4.447  4.447  4.447  4.447  4.447  4.447
  4.447  4.447  4.447  4.447  4.447  4.447  4.447  4.447  4.447  4.447  4.447  4.447  4.384  4.586  4.647  4.510  4.405  4.485  4.447
  4.447  4.447  4.447  4.447  4.447  4.447  4.447  4.447  4.447  4.447  4.447  4.447  4.447  4.432  4.269  4.335  4.431  4.317  4.447
  4.447  4.447  4.447  4.447  4.447  4.447  4.447  4.447  4.447  4.447  4.447  4.447  4.447  4.447  4.556  4.641  4.447  4.447  4.447
  4.447  4.447  4.447  4.447  4.447  4.447  4.447  4.447  4.447  4.447  4.447  4.447  4.447  4.447  4.447  4.447  4.447  4.447  4.447
  4.447  4.447  4.447  4.447  4.447  4.447  4.447  4.447  4.447  4.447  4.447  4.447  4.447  4.447  4.447  4.447  4.447  4.447  4.447
  4.447  4.447  4.447  4.447  4.447  4.447  4.447  4.447  4.447  4.447  4.447  4.447  4.447  4.447  4.447  4.447  4.447  4.447  4.447
  4.447  4.447  4.447  4.447  4.447  4.447  4.447  4.447  4.447  4.447  4.447  4.447  4.447  4.447  4.447  4.447  4.447  4.447  4.447
  4.447  4.447  4.447  4.447  4.447  4.447  4.447  4.447  4.447  4.447  4.447  4.447  4.447  4.447  4.447  4.447  4.447  4.447  4.447
  4.447  4.447  4.447  4.447  4.447  4.447  4.447  4.447  4.447  4.447  4.447  4.447  4.447  4.447  4.447  4.447  4.447  4.447  4.447
  4.447  4.447  4.447  4.447  4.447  4.447  4.447  4.447  4.447  4.447  4.447  4.447  4.447  4.447  4.447  4.447  4.447  4.447  4.447
  4.447  4.447  4.447  4.447  4.447  4.447  4.447  4.447  4.447  4.447  4.447  4.447  4.447  4.447  4.447  4.447  4.447  4.447  4.447
  4.447  4.447  4.447  4.447  4.447  4.447  4.447  4.447  4.447  4.447  4.447  4.447  4.447  4.447  4.447  4.447  4.447  4.447  4.447
  4.515  4.515  4.515  4.515  4.515  4.515  4.515  4.515  4.515  4.515  4.515  4.515  4.515  4.515  4.515  4.515  4.515  4.515  4.515
  4.515  4.515  4.515  4.515  4.515  4.515  4.515  4.515  4.515  4.515  4.515  4.515  4.515  4.515  4.515  4.515  4.515  4.515  4.515
  4.515  4.515  4.515  4.515  4.515  4.515  4.515  4.515  4.515  4.515  4.515  4.515  4.515  4.515  4.515  4.515  4.515  4.515  4.515
  4.515  4.515  4.515  4.515  4.515  4.515  4.515  4.515  4.515  4.515  4.515  4.515  4.515  4.515  4.515  4.515  4.515  4.515  4.515
  4.515  4.515  4.515  4.515  4.515  4.515  4.515  4.515  4.515  4.515  4.515  4.515  4.515  4.515  4.515  4.515  4.515  4.515  4.515
  4.515  4.515  4.515  4.515  4.515  4.515  4.515  4.515  4.515  4.515  4.515  4.515  4.515  4.515  4.515  4.515  4.515  4.515  4.515
  4.515  4.515  4.515  4.515  4.515  4.515  4.515  4.515  4.515  4.515  4.515  4.515  4.515  4.515  4.515  4.515  4.515  4.515  4.515
  4.515  4.515  4.515  4.515  4.515  4.515  4.515  4.515  4.515  4.515  4.515  4.515  4.515  4.515  4.515  4.515  4.515  4.515  4.515
  4.515  4.515  4.515  4.515  4.515  4.515  4.515  4.515  4.515  4.515  4.515  4.515  4.515  4.515  4.515  4.515  4.515  4.515  4.515
  4.515  4.515  4.515  4.515  4.515  4.515  4.515  4.515  4.515  4.515  4.515  4.515  4.515  4.515  4.515  4.515  4.515  4.515  4.515
  4.515  4.515  4.515  4.515  4.515  4.515  4.515  4.515  4.515  4.515  4.515  4.515  4.515  4.515  4.515  4.515  4.515  4.515  4.515
  4.515  4.515  4.515  4.515  4.515  4.515  4.515  4.515  4.515  4.515  4.515  4.515  4.515  4.515  4.515  4.515  4.470  4.315  4.515
  4.515  4.515  4.515  4.515  4.515  4.515  4.515  4.515  4.515  4.515  4.515  4.515  4.515  4.400  4.413  4.537  4.639  4.548  4.515
  4.515  4.515  4.515  4.515  4.515  4.515  4.515  4.515  4.515  4.515  4.515  4.515  4.515  4.515  4.399  4.515  4.515  4.515  4.515
  4.515  4.515  4.515  4.515  4.515  4.515  4.515  4.515  4.515  4.515  4.515  4.515  4.515  4.515  4.515  4.515  4.515  4.515  4.515
  4.515  4.515  4.515  4.515  4.515  4.515  4.515  4.515  4.515  4.515  4.515  4.515  4.515  4.515  4.515  4.515  4.515  4.515  4.515
  4.515  4.515  4.515  4.515  4.515  4.515  4.515  4.515  4.515  4.515  4.515  4.515  4.515  4.515  4.515  4.515  4.515  4.515  4.515
  4.515  4.515  4.515  4.515  4.515  4.515  4.515  4.515  4.515  4.515  4.515  4.515  4.515  4.515  4.515  4.515  4.515  4.515  4.515
  4.515  4.515  4.515  4.515  4.515  4.515  4.515  4.515  4.515  4.515  4.515  4.515  4.515  4.515  4.515  4.515  4.515  4.515  4.515
  4.515  4.515  4.515  4.515  4.515  4.515  4.515  4.515  4.515  4.515  4.515  4.515  4.515  4.515  4.515  4.515  4.515  4.515  4.515
  4.515  4.515  4.515  4.515  4.515  4.515  4.515  4.515  4.515  4.515  4.515  4.515  4.515  4.515  4.515  4.515  4.515  4.515  4.515
  4.515  4.515  4.515  4.515  4.515  4.515  4.515  4.515  4.515  4.515  4.515  4.515  4.515  4.515  4.515  4.515  4.515  4.515  4.515
  4.515  4.515  4.515  4.515  4.515  4.515  4.515  4.515  4.515  4.515  4.515  4.515  4.515  4.515  4.515  4.515  4.515  4.515  4.515
  4.584  4.584  4.584  4.584  4.584  4.584  4.584  4.584  4.584  4.584  4.584  4.584  4.584  4.584  4.584  4.584  4.584  4.584  4.584
  4.584  4.584  4.584  4.584  4.584  4.584  4.584  4.584  4.584  4.584  4.584  4.584  4.584  4.584  4.584  4.584  4.584  4.584  4.584
  4.584  4.584  4.584  4.584  4.584  4.584  4.584  4.584  4.584  4.584  4.584  4.584  4.584  4.584  4.584  4.584  4.584  4.584  4.584
  4.584  4.584  4.584  4.584  4.584  4.584  4.584  4.584  4.584  4.584  4.584  4.584  4.584  4.584  4.584  4.584  4.584  4.584  4.584
  4.584  4.584  4.584  4.584  4.584  4.584  4.584  4.584  4.584  4.584  4.584  4.584  4.584  4.584  4.584  4.584  4.584  4.584  4.584
  4.584  4.584  4.584  4.584  4.584  4.584  4.584  4.584  4.584  4.584  4.584  4.584  4.584  4.584  4.584  4.584  4.584  4.584  4.584
  4.584  4.584  4.584  4.584  4.584  4.584  4.584  4.584  4.584  4.584  4.584  4.584  4.584  4.584  4.584  4.584  4.584  4.584  4.584
  4.584  4.584  4.584  4.584  4.584  4.584  4.584  4.584  4.584  4.584  4.584  4.584  4.584  4.584  4.584  4.584  4.584  4.584  4.584
  4.584  4.584  4.584  4.584  4.584  4.584  4.584  4.584  4.584  4.584  4.584  4.584  4.584  4.584  4.584  4.584  4.584  4.584  4.584
  4.584  4.584  4.584  4.584  4.584  4.584  4.584  4.584  4.584  4.584  4.584  4.584  4.584  4.584  4.584  4.584  4.584  4.584  4.584
  4.584  4.584  4.584  4.584  4.584  4.584  4.584  4.584  4.584  4.584  4.584  4.584  4.584  4.584  4.584  4.584  4.584  4.584  4.584
  4.584  4.584  4.584  4.584  4.584  4.584  4.584  4.584  4.584  4.584  4.584  4.584  4.584  4.584  4.584  4.584  4.584  4.472  4.584
  4.584  4.584  4.584  4.584  4.584  4.584  4.584  4.584  4.584  4.584  4.584  4.584  4.584  4.517  4.846  4.425  4.750  4.778  4.584
  4.584  4.584  4.584  4.584  4.584  4.584  4.584  4.584  4.584  4.584  4.584  4.584  4.584  4.584  4.413  4.584  4.584  4.584  4.584
  4.584  4.584  4.584  4.584  4.584  4.584  4.584  4.584  4.584  4.584  4.584  4.584  4.584  4.584  4.584  4.584  4.584  4.584  4.584
  4.584  4.584  4.584  4.584  4.584  4.584  4.584  4.584  4.584  4.584  4.584  4.584  4.584  4.584  4.584  4.584  4.584  4.584  4.584
  4.584  4.584  4.584  4.584  4.584  4.584  4.584  4.584  4.584  4.584  4.584  4.584  4.584  4.584  4.584  4.584  4.584  4.584  4.584
  4.584  4.584  4.584  4.584  4.584  4.584  4.584  4.584  4.584  4.584  4.584  4.584  4.584  4.584  4.584  4.584  4.584  4.584  4.584
  4.584  4.584  4.584  4.584  4.584  4.584  4.584  4.584  4.584  4.584  4.584  4.584  4.584  4.584  4.584  4.584  4.584  4.584  4.584
  4.584  4.584  4.584  4.584  4.584  4.584  4.584  4.584  4.584  4.584  4.584  4.584  4.584  4.584  4.584  4.584  4.584  4.584  4.584
  4.584  4.584  4.584  4.584  4.584  4.584  4.584  4.584  4.584  4.584  4.584  4.584  4.584  4.584  4.584  4.584  4.584  4.584  4.584
  4.584  4.584  4.584  4.584  4.584  4.584  4.584  4.584  4.584  4.584  4.584  4.584  4.584  4.584  4.584  4.584  4.584  4.584  4.584
  4.584  4.584  4.584  4.584  4.584  4.584  4.584  4.584  4.584  4.584  4.584  4.584  4.584  4.584  4.584  4.584  4.584  4.584  4.584
  4.601  4.601  4.601  4.601  4.601  4.601  4.601  4.601  4.601  4.601  4.601  4.601  4.601  4.601  4.601  4.601  4.601  4.601  4.601
  4.601  4.601  4.601  4.601  4.601  4.601  4.601  4.601  4.601  4.601  4.601  4.601  4.601  4.601  4.601  4.601  4.601  4.601  4.601
  4.601  4.601  4.601  4.601  4.601  4.601  4.601  4.601  4.601  4.601  4.601  4.601  4.601  4.601  4.601  4.601  4.601  4.601  4.601
  4.601  4.601  4.601  4.601  4.601  4.601  4.601  4.601  4.601  4.601  4.601  4.601  4.601  4.601  4.601  4.601  4.601  4.601  4.601
  4.601  4.601  4.601  4.601  4.601  4.601  4.601  4.601  4.601  4.601  4.601  4.601  4.601  4.601  4.601  4.601  4.601  4.601  4.601
  4.601  4.601  4.601  4.601  4.601  4.601  4.601  4.601  4.601  4.601  4.601  4.601  4.601  4.601  4.601  4.601  4.601  4.601  4.601
  4.601  4.601  4.601  4.601  4.601  4.601  4.601  4.601  4.601  4.601  4.601  4.601  4.601  4.601  4.601  4.601  4.601  4.601  4.601
  4.601  4.601  4.601  4.601  4.601  4.601  4.601  4.601  4.601  4.601  4.601  4.601  4.601  4.601  4.601  4.601  4.601  4.601  4.601
  4.601  4.601  4.601  4.601  4.601  4.601  4.601  4.601  4.601  4.601  4.601  4.601  4.601  4.601  4.601  4.601  4.601  4.601  4.601
  4.601  4.601  4.601  4.601  4.601  4.601  4.601  4.601  4.601  4.601  4.601  4.601  4.601  4.601  4.601  4.601  4.601  4.601  4.601
  4.601  4.601  4.601  4.601  4.601  4.601  4.601  4.601  4.601  4.601  4.601  4.601  4.601  4.601  4.601  4.601  4.601  4.601  4.601
  4.601  4.601  4.601  4.601  4.601  4.601  4.601  4.601  4.601  4.601  4.601  4.601  4.601  4.601  4.601  4.601  4.601  4.864  4.601
  4.601  4.601  4.601  4.601  4.601  4.601  4.601  4.601  4.601  4.601  4.601  4.601  4.601  4.601  4.815  4.970  4.493  4.645  4.601
  4.601  4.601  4.601  4.601  4.601  4.601  4.601  4.601  4.601  4.601  4.601  4.601  4.601  4.601  4.298  4.601  4.601  4.601  4.601
  4.601  4.601  4.601  4.601  4.601  4.601  4.601  4.601  4.601  4.601  4.601  4.601  4.601  4.601  4.601  4.601  4.601  4.601  4.601
  4.601  4.601  4.601  4.601  4.601  4.601  4.601  4.601  4.601  4.601  4.601  4.601  4.601  4.601  4.601  4.601  4.601  4.601  4.601
  4.601  4.601  4.601  4.601  4.601  4.601  4.601  4.601  4.601  4.601  4.601  4.601  4.601  4.601  4.601  4.601  4.601  4.601  4.601
  4.601  4.601  4.601  4.601  4.601  4.601  4.601  4.601  4.601  4.601  4.601  4.601  4.601  4.601  4.601  4.601  4.601  4.601  4.601
  4.601  4.601  4.601  4.601  4.601  4.601  4.601  4.601  4.601  4.601  4.601  4.601  4.601  4.601  4.601  4.601  4.601  4.601  4.601
  4.601  4.601  4.601  4.601  4.601  4.601  4.601  4.601  4.601  4.601  4.601  4.601  4.601  4.601  4.601  4.601  4.601  4.601  4.601
  4.601  4.601  4.601  4.601  4.601  4.601  4.601  4.601  4.601  4.601  4.601  4.601  4.601  4.601  4.601  4.601  4.601  4.601  4.601
  4.601  4.601  4.601  4.601  4.601  4.601  4.601  4.601  4.601  4.601  4.601  4.601  4.601  4.601  4.601  4.601  4.601  4.601  4.601
  4.601  4.601  4.601  4.601  4.601  4.601  4.601  4.601  4.601  4.601  4.601  4.601  4.601  4.601  4.601  4.601  4.601  4.601  4.601
  4.618  4.618  4.618  4.618  4.618  4.618  4.618  4.618  4.618  4.618  4.618  4.618  4.618  4.618  4.618  4.618  4.618  4.618  4.618
  4.618  4.618  4.618  4.618  4.618  4.618  4.618  4.618  4.618  4.618  4.618  4.618  4.618  4.618  4.618  4.618  4.618  4.618  4.618
  4.618  4.618  4.618  4.618  4.618  4.618  4.618  4.618  4.618  4.618  4.618  4.618  4.618  4.618  4.618  4.618  4.618  4.618  4.618
  4.618  4.618  4.618  4.618  4.618  4.618  4.618  4.618  4.618  4.618  4.618  4.618  4.618  4.618  4.618  4.618  4.618  4.618  4.618
  4.618  4.618  4.618  4.618  4.618  4.618  4.618  4.618  4.618  4.618  4.618  4.618  4.618  4.618  4.618  4.618  4.618  4.618  4.618
  4.618  4.618  4.618  4.618  4.618  4.618  4.618  4.618  4.618  4.618  4.618  4.618  4.618  4.618  4.618  4.618  4.618  4.618  4.618
  4.618  4.618  4.618  4.618  4.618  4.618  4.618  4.618  4.618  4.618  4.618  4.618  4.618  4.618  4.618  4.618  4.618  4.618  4.618
  4.618  4.618  4.618  4.618  4.618  4.618  4.618  4.618  4.618  4.618  4.618  4.618  4.618  4.618  4.618  4.618  4.618  4.618  4.618
  4.618  4.618  4.618  4.618  4.618  4.618  4.618  4.618  4.618  4.618  4.618  4.618  4.618  4.618  4.618  4.618  4.618  4.618  4.618
  4.618  4.618  4.618  4.618  4.618  4.618  4.618  4.618  4.618  4.618  4.618  4.618  4.618  4.618  4.618  4.618  4.618  4.618  4.618
  4.618  4.618  4.618  4.618  4.618  4.618  4.618  4.618  4.618  4.618  4.618  4.618  4.618  4.618  4.618  4.618  4.618  4.618  4.618
  4.618  4.618  4.618  4.618  4.618  4.618  4.618  4.618  4.618  4.618  4.618  4.618  4.618  4.618  4.618  4.618  4.618  4.805  4.618
  4.618  4.618  4.618  4.618  4.618  4.618  4.618  4.618  4.618  4.618  4.618  4.618  4.618  4.618  4.246  4.618  4.618  4.320  4.618
  4.618  4.618  4.618  4.618  4.618  4.618  4.618  4.618  4.618  4.618  4.618  4.618  4.618  4.618  4.618  4.618  4.618  4.618  4.618
  4.618  4.618  4.618  4.618  4.618  4.618  4.618  4.618  4.618  4.618  4.618  4.618  4.618  4.618  4.618  4.618  4.618  4.618  4.618
  4.618  4.618  4.618  4.618  4.618  4.618  4.618  4.618  4.618  4.618  4.618  4.618  4.618  4.618  4.618  4.618  4.618  4.618  4.618
  4.618  4.618  4.618  4.618  4.618  4.618  4.618  4.618  4.618  4.618  4.618  4.618  4.618  4.618  4.618  4.618  4.618  4.618  4.618
  4.618  4.618  4.618  4.618  4.618  4.618  4.618  4.618  4.618  4.618  4.618  4.618  4.618  4.618  4.618  4.618  4.618  4.618  4.618
  4.618  4.618  4.618  4.618  4.618  4.618  4.618  4.618  4.618  4.618  4.618  4.618  4.618  4.618  4.618  4.618  4.618  4.618  4.618
  4.618  4.618  4.618  4.618  4.618  4.618  4.618  4.618  4.618  4.618  4.618  4.618  4.618  4.618  4.618  4.618  4.618  4.618  4.618
  4.618  4.618  4.618  4.618  4.618  4.618  4.618  4.618  4.618  4.618  4.618  4.618  4.618  4.618  4.618  4.618  4.618  4.618  4.618
  4.618  4.618  4.618  4.618  4.618  4.618  4.618  4.618  4.618  4.618  4.618  4.618  4.618  4.618  4.618  4.618  4.618  4.618  4.618
  4.618  4.618  4.618  4.618  4.618  4.618  4.618  4.618  4.618  4.618  4.618  4.618  4.618  4.618  4.618  4.618  4.618  4.618  4.618
  4.629  4.629  4.629  4.629  4.629  4.629  4.629  4.629  4.629  4.629  4.629  4.629  4.629  4.629  4.629  4.629  4.629  4.629  4.629
  4.629  4.629  4.629  4.629  4.629  4.629  4.629  4.629  4.629  4.629  4.629  4.629  4.629  4.629  4.629  4.629  4.629  4.629  4.629
  4.629  4.629  4.629  4.629  4.629  4.629  4.629  4.629  4.629  4.629  4.629  4.629  4.629  4.629  4.629  4.629  4.629  4.629  4.629
  4.629  4.629  4.629  4.629  4.629  4.629  4.629  4.629  4.629  4.629  4.629  4.629  4.629  4.629  4.629  4.629  4.629  4.629  4.629
  4.629  4.629  4.629  4.629  4.629  4.629  4.629  4.629  4.629  4.629  4.629  4.629  4.629  4.629  4.629  4.629  4.629  4.629  4.629
  4.629  4.629  4.629  4.629  4.629  4.629  4.629  4.629  4.629  4.629  4.629  4.629  4.629  4.629  4.629  4.629  4.629  4.629  4.629
  4.629  4.629  4.629  4.629  4.629  4.629  4.629  4.629  4.629  4.629  4.629  4.629  4.629  4.629  4.629  4.629  4.629  4.629  4.629
  4.629  4.629  4.629  4.629  4.629  4.629  4.629  4.629  4.629  4.629  4.629  4.629  4.629  4.629  4.629  4.629  4.629  4.629  4.629
  4.629  4.629  4.629  4.629  4.629  4.629  4.629  4.629  4.629  4.629  4.629  4.629  4.629  4.629  4.629  4.629  4.629  4.629  4.629
  4.629  4.629  4.629  4.629  4.629  4.629  4.629  4.629  4.629  4.629  4.629  4.629  4.629  4.629  4.629  4.629  4.629  4.629  4.629
  4.629  4.629  4.629  4.629  4.629  4.629  4.629  4.629  4.629  4.629  4.629  4.629  4.629  4.629  4.629  4.629  4.629  4.629  4.629
  4.629  4.629  4.629  4.629  4.629  4.629  4.629  4.629  4.629  4.629  4.629  4.629  4.629  4.629  4.629  4.629  4.629  4.629  4.629
  4.629  4.629  4.629  4.629  4.629  4.629  4.629  4.629  4.629  4.629  4.629  4.629  4.629  4.629  4.629  4.629  4.629  4.747  4.629
  4.629  4.629  4.629  4.629  4.629  4.629  4.629  4.629  4.629  4.629  4.629  4.629  4.629  4.629  4.629  4.629  4.629  4.629  4.629
  4.629  4.629  4.629  4.629  4.629  4.629  4.629  4.629  4.629  4.629  4.629  4.629  4.629  4.629  4.629  4.629  4.629  4.629  4.629
  4.629  4.629  4.629  4.629  4.629  4.629  4.629  4.629  4.629  4.629  4.629  4.629  4.629  4.629  4.629  4.629  4.629  4.629  4.629
  4.629  4.629  4.629  4.629  4.629  4.629  4.629  4.629  4.629  4.629  4.629  4.629  4.629  4.629  4.629  4.629  4.629  4.629  4.629
  4.629  4.629  4.629  4.629  4.629  4.629  4.629  4.629  4.629  4.629  4.629  4.629  4.629  4.629  4.629  4.629  4.629  4.629  4.629
  4.629  4.629  4.629  4.629  4.629  4.629  4.629  4.629  4.629  4.629  4.629  4.629  4.629  4.629  4.629  4.629  4.629  4.629  4.629
  4.629  4.629  4.629  4.629  4.629  4.629  4.629  4.629  4.629  4.629  4.629  4.629  4.629  4.629  4.629  4.629  4.629  4.629  4.629
  4.629  4.629  4.629  4.629  4.629  4.629  4.629  4.629  4.629  4.629  4.629  4.629  4.629  4.629  4.629  4.629  4.629  4.629  4.629
  4.629  4.629  4.629  4.629  4.629  4.629  4.629  4.629  4.629  4.629  4.629  4.629  4.629  4.629  4.629  4.629  4.629  4.629  4.629
  4.629  4.629  4.629  4.629  4.629  4.629  4.629  4.629  4.629  4.629  4.629  4.629  4.629  4.629  4.629  4.629  4.629  4.629  4.629
  4.647  4.647  4.647  4.647  4.647  4.647  4.647  4.647  4.647  4.647  4.647  4.647  4.647  4.647  4.647  4.647  4.647  4.647  4.647
  4.647  4.647  4.647  4.647  4.647  4.647  4.647  4.647  4.647  4.647  4.647  4.647  4.647  4.647  4.647  4.647  4.647  4.647  4.647
  4.647  4.647  4.647  4.647  4.647  4.647  4.647  4.647  4.647  4.647  4.647  4.647  4.647  4.647  4.647  4.647  4.647  4.647  4.647
  4.647  4.647  4.647  4.647  4.647  4.647  4.647  4.647  4.647  4.647  4.647  4.647  4.647  4.647  4.647  4.647  4.647  4.647  4.647
  4.647  4.647  4.647  4.647  4.647  4.647  4.647  4.647  4.647  4.647  4.647  4.647  4.647  4.647  4.647  4.647  4.647  4.647  4.647
  4.647  4.647  4.647  4.647  4.647  4.647  4.647  4.647  4.647  4.647  4.647  4.647  4.647  4.647  4.647  4.647  4.647  4.647  4.647
  4.647  4.647  4.647  4.647  4.647  4.647  4.647  4.647  4.647  4.647  4.647  4.647  4.647  4.647  4.647  4.647  4.647  4.647  4.647
  4.647  4.647  4.647  4.647  4.647  4.647  4.647  4.647  4.647  4.647  4.647  4.647  4.647  4.647  4.647  4.647  4.647  4.647  4.647
  4.647  4.647  4.647  4.647  4.647  4.647  4.647  4.647  4.647  4.647  4.647  4.647  4.647  4.647  4.647  4.647  4.647  4.647  4.647
  4.647  4.647  4.647  4.647  4.647  4.647  4.647  4.647  4.647  4.647  4.647  4.647  4.647  4.647  4.647  4.647  4.647  4.647  4.647
  4.647  4.647  4.647  4.647  4.647  4.647  4.647  4.647  4.647  4.647  4.647  4.647  4.647  4.647  4.647  4.647  4.647  4.647  4.647
  4.647  4.647  4.647  4.647  4.647  4.647  4.647  4.647  4.647  4.647  4.647  4.647  4.647  4.647  4.647  4.647  4.647  4.647  4.647
  4.647  4.647  4.647  4.647  4.647  4.647  4.647  4.647  4.647  4.647  4.647  4.647  4.647  4.647  4.647  4.647  4.647  4.647  4.647
  4.647  4.647  4.647  4.647  4.647  4.647  4.647  4.647  4.647  4.647  4.647  4.647  4.647  4.647  4.647  4.647  4.647  4.647  4.647
  4.647  4.647  4.647  4.647  4.647  4.647  4.647  4.647  4.647  4.647  4.647  4.647  4.647  4.647  4.647  4.647  4.647  4.647  4.647
  4.647  4.647  4.647  4.647  4.647  4.647  4.647  4.647  4.647  4.647  4.647  4.647  4.647  4.647  4.647  4.647  4.647  4.647  4.647
  4.647  4.647  4.647  4.647  4.647  4.647  4.647  4.647  4.647  4.647  4.647  4.647  4.647  4.647  4.647  4.647  4.647  4.647  4.647
  4.647  4.647  4.647  4.647  4.647  4.647  4.647  4.647  4.647  4.647  4.647  4.647  4.647  4.647  4.647  4.647  4.647  4.647  4.647
  4.647  4.647  4.647  4.647  4.647  4.647  4.647  4.647  4.647  4.647  4.647  4.647  4.647  4.647  4.647  4.647  4.647  4.647  4.647
  4.647  4.647  4.647  4.647  4.647  4.647  4.647  4.647  4.647  4.647  4.647  4.647  4.647  4.647  4.647  4.647  4.647  4.647  4.647
  4.647  4.647  4.647  4.647  4.647  4.647  4.647  4.647  4.647  4.647  4.647  4.647  4.647  4.647  4.647  4.647  4.647  4.647  4.647
  4.647  4.647  4.647  4.647  4.647  4.647  4.647  4.647  4.647  4.647  4.647  4.647  4.647  4.647  4.647  4.647  4.647  4.647  4.647
  4.647  4.647  4.647  4.647  4.647  4.647  4.647  4.647  4.647  4.647  4.647  4.647  4.647  4.647  4.647  4.647  4.647  4.647  4.647
  4.658  4.658  4.658  4.658  4.658  4.658  4.658  4.658  4.658  4.658  4.658  4.658  4.658  4.658  4.658  4.658  4.658  4.658  4.658
  4.658  4.658  4.658  4.658  4.658  4.658  4.658  4.658  4.658  4.658  4.658  4.658  4.658  4.658  4.658  4.658  4.658  4.658  4.658
  4.658  4.658  4.658  4.658  4.658  4.658  4.658  4.658  4.658  4.658  4.658  4.658  4.658  4.658  4.658  4.658  4.658  4.658  4.658
  4.658  4.658  4.658  4.658  4.658  4.658  4.658  4.658  4.658  4.658  4.658  4.658  4.658  4.658  4.658  4.658  4.658  4.658  4.658
  4.658  4.658  4.658  4.658  4.658  4.658  4.658  4.658  4.658  4.658  4.658  4.658  4.658  4.658  4.658  4.658  4.658  4.658  4.658
  4.658  4.658  4.658  4.658  4.658  4.658  4.658  4.658  4.658  4.658  4.658  4.658  4.658  4.658  4.658  4.658  4.658  4.658  4.658
  4.658  4.658  4.658  4.658  4.658  4.658  4.658  4.658  4.658  4.658  4.658  4.658  4.658  4.658  4.658  4.658  4.658  4.658  4.658
  4.658  4.658  4.658  4.658  4.658  4.658  4.658  4.658  4.658  4.658  4.658  4.658  4.658  4.658  4.658  4.658  4.658  4.658  4.658
  4.658  4.658  4.658  4.658  4.658  4.658  4.658  4.658  4.658  4.658  4.658  4.658  4.658  4.658  4.658  4.658  4.658  4.658  4.658
  4.658  4.658  4.658  4.658  4.658  4.658  4.658  4.658  4.658  4.658  4.658  4.658  4.658  4.658  4.658  4.658  4.658  4.658  4.658
  4.658  4.658  4.658  4.658  4.658  4.658  4.658  4.658  4.658  4.658  4.658  4.658  4.658  4.658  4.658  4.658  4.658  4.658  4.658
  4.658  4.658  4.658  4.658  4.658  4.658  4.658  4.658  4.658  4.658  4.658  4.658  4.658  4.658  4.658  4.658  4.658  4.658  4.658
  4.658  4.658  4.658  4.658  4.658  4.658  4.658  4.658  4.658  4.658  4.658  4.658  4.658  4.658  4.658  4.658  4.658  4.658  4.658
  4.658  4.658  4.658  4.658  4.658  4.658  4.658  4.658  4.658  4.658  4.658  4.658  4.658  4.658  4.658  4.658  4.658  4.658  4.658
  4.658  4.658  4.658  4.658  4.658  4.658  4.658  4.658  4.658  4.658  4.658  4.658  4.658  4.658  4.658  4.658  4.658  4.658  4.658
  4.658  4.658  4.658  4.658  4.658  4.658  4.658  4.658  4.658  4.658  4.658  4.658  4.658  4.658  4.658  4.658  4.658  4.658  4.658
  4.658  4.658  4.658  4.658  4.658  4.658  4.658  4.658  4.658  4.658  4.658  4.658  4.658  4.658  4.658  4.658  4.658  4.658  4.658
  4.658  4.658  4.658  4.658  4.658  4.658  4.658  4.658  4.658  4.658  4.658  4.658  4.658  4.658  4.658  4.658  4.658  4.658  4.658
  4.658  4.658  4.658  4.658  4.658  4.658  4.658  4.658  4.658  4.658  4.658  4.658  4.658  4.658  4.658  4.658  4.658  4.658  4.658
  4.658  4.658  4.658  4.658  4.658  4.658  4.658  4.658  4.658  4.658  4.658  4.658  4.658  4.658  4.658  4.658  4.658  4.658  4.658
  4.658  4.658  4.658  4.658  4.658  4.658  4.658  4.658  4.658  4.658  4.658  4.658  4.658  4.658  4.658  4.658  4.658  4.658  4.658
  4.658  4.658  4.658  4.658  4.658  4.658  4.658  4.658  4.658  4.658  4.658  4.658  4.658  4.658  4.658  4.658  4.658  4.658  4.658
  4.658  4.658  4.658  4.658  4.658  4.658  4.658  4.658  4.658  4.658  4.658  4.658  4.658  4.658  4.658  4.658  4.658  4.658  4.658
  4.675  4.675  4.675  4.675  4.675  4.675  4.675  4.675  4.675  4.675  4.675  4.675  4.675  4.675  4.675  4.675  4.675  4.675  4.675
  4.675  4.675  4.675  4.675  4.675  4.675  4.675  4.675  4.675  4.675  4.675  4.675  4.675  4.675  4.675  4.675  4.675  4.675  4.675
  4.675  4.675  4.675  4.675  4.675  4.675  4.675  4.675  4.675  4.675  4.675  4.675  4.675  4.675  4.675  4.675  4.675  4.675  4.675
  4.675  4.675  4.675  4.675  4.675  4.675  4.675  4.675  4.675  4.675  4.675  4.675  4.675  4.675  4.675  4.675  4.675  4.675  4.675
  4.675  4.675  4.675  4.675  4.675  4.675  4.675  4.675  4.675  4.675  4.675  4.675  4.675  4.675  4.675  4.675  4.675  4.675  4.675
  4.675  4.675  4.675  4.675  4.675  4.675  4.675  4.675  4.675  4.675  4.675  4.675  4.675  4.675  4.675  4.675  4.675  4.675  4.675
  4.675  4.675  4.675  4.675  4.675  4.675  4.675  4.675  4.675  4.675  4.675  4.675  4.675  4.675  4.675  4.675  4.675  4.675  4.675
  4.675  4.675  4.675  4.675  4.675  4.675  4.675  4.675  4.675  4.675  4.675  4.675  4.675  4.675  4.675  4.675  4.675  4.675  4.675
  4.675  4.675  4.675  4.675  4.675  4.675  4.675  4.675  4.675  4.675  4.675  4.675  4.675  4.675  4.675  4.675  4.675  4.675  4.675
  4.675  4.675  4.675  4.675  4.675  4.675  4.675  4.675  4.675  4.675  4.675  4.675  4.675  4.675  4.675  4.675  4.675  4.675  4.675
  4.675  4.675  4.675  4.675  4.675  4.675  4.675  4.675  4.675  4.675  4.675  4.675  4.675  4.675  4.675  4.675  4.675  4.675  4.675
  4.675  4.675  4.675  4.675  4.675  4.675  4.675  4.675  4.675  4.675  4.675  4.675  4.675  4.675  4.675  4.675  4.675  4.675  4.675
  4.675  4.675  4.675  4.675  4.675  4.675  4.675  4.675  4.675  4.675  4.675  4.675  4.675  4.675  4.675  4.675  4.675  4.675  4.675
  4.675  4.675  4.675  4.675  4.675  4.675  4.675  4.675  4.675  4.675  4.675  4.675  4.675  4.675  4.675  4.675  4.675  4.675  4.675
  4.675  4.675  4.675  4.675  4.675  4.675  4.675  4.675  4.675  4.675  4.675  4.675  4.675  4.675  4.675  4.675  4.675  4.675  4.675
  4.675  4.675  4.675  4.675  4.675  4.675  4.675  4.675  4.675  4.675  4.675  4.675  4.675  4.675  4.675  4.675  4.675  4.675  4.675
  4.675  4.675  4.675  4.675  4.675  4.675  4.675  4.675  4.675  4.675  4.675  4.675  4.675  4.675  4.675  4.675  4.675  4.675  4.675
  4.675  4.675  4.675  4.675  4.675  4.675  4.675  4.675  4.675  4.675  4.675  4.675  4.675  4.675  4.675  4.675  4.675  4.675  4.675
  4.675  4.675  4.675  4.675  4.675  4.675  4.675  4.675  4.675  4.675  4.675  4.675  4.675  4.675  4.675  4.675  4.675  4.675  4.675
  4.675  4.675  4.675  4.675  4.675  4.675  4.675  4.675  4.675  4.675  4.675  4.675  4.675  4.675  4.675  4.675  4.675  4.675  4.675
  4.675  4.675  4.675  4.675  4.675  4.675  4.675  4.675  4.675  4.675  4.675  4.675  4.675  4.675  4.675  4.675  4.675  4.675  4.675
  4.675  4.675  4.675  4.675  4.675  4.675  4.675  4.675  4.675  4.675  4.675  4.675  4.675  4.675  4.675  4.675  4.675  4.675  4.675
  4.675  4.675  4.675  4.675  4.675  4.675  4.675  4.675  4.675  4.675  4.675  4.675  4.675  4.675  4.675  4.675  4.675  4.675  4.675
  4.686  4.686  4.686  4.686  4.686  4.686  4.686  4.686  4.686  4.686  4.686  4.686  4.686  4.686  4.686  4.686  4.686  4.686  4.686
  4.686  4.686  4.686  4.686  4.686  4.686  4.686  4.686  4.686  4.686  4.686  4.686  4.686  4.686  4.686  4.686  4.686  4.686  4.686
  4.686  4.686  4.686  4.686  4.686  4.686  4.686  4.686  4.686  4.686  4.686  4.686  4.686  4.686  4.686  4.686  4.686  4.686  4.686
  4.686  4.686  4.686  4.686  4.686  4.686  4.686  4.686  4.686  4.686  4.686  4.686  4.686  4.686  4.686  4.686  4.686  4.686  4.686
  4.686  4.686  4.686  4.686  4.686  4.686  4.686  4.686  4.686  4.686  4.686  4.686  4.686  4.686  4.686  4.686  4.686  4.686  4.686
  4.686  4.686  4.686  4.686  4.686  4.686  4.686  4.686  4.686  4.686  4.686  4.686  4.686  4.686  4.686  4.686  4.686  4.686  4.686
  4.686  4.686  4.686  4.686  4.686  4.686  4.686  4.686  4.686  4.686  4.686  4.686  4.686  4.686  4.686  4.686  4.686  4.686  4.686
  4.686  4.686  4.686  4.686  4.686  4.686  4.686  4.686  4.686  4.686  4.686  4.686  4.686  4.686  4.686  4.686  4.686  4.686  4.686
  4.686  4.686  4.686  4.686  4.686  4.686  4.686  4.686  4.686  4.686  4.686  4.686  4.686  4.686  4.686  4.686  4.686  4.686  4.686
  4.686  4.686  4.686  4.686  4.686  4.686  4.686  4.686  4.686  4.686  4.686  4.686  4.686  4.686  4.686  4.686  4.686  4.686  4.686
  4.686  4.686  4.686  4.686  4.686  4.686  4.686  4.686  4.686  4.686  4.686  4.686  4.686  4.686  4.686  4.686  4.686  4.686  4.686
  4.686  4.686  4.686  4.686  4.686  4.686  4.686  4.686  4.686  4.686  4.686  4.686  4.686  4.686  4.686  4.686  4.686  4.686  4.686
  4.686  4.686  4.686  4.686  4.686  4.686  4.686  4.686  4.686  4.686  4.686  4.686  4.686  4.686  4.686  4.686  4.686  4.686  4.686
  4.686  4.686  4.686  4.686  4.686  4.686  4.686  4.686  4.686  4.686  4.686  4.686  4.686  4.686  4.686  4.686  4.686  4.686  4.686
  4.686  4.686  4.686  4.686  4.686  4.686  4.686  4.686  4.686  4.686  4.686  4.686  4.686  4.686  4.686  4.686  4.686  4.686  4.686
  4.686  4.686  4.686  4.686  4.686  4.686  4.686  4.686  4.686  4.686  4.686  4.686  4.686  4.686  4.686  4.686  4.686  4.686  4.686
  4.686  4.686  4.686  4.686  4.686  4.686  4.686  4.686  4.686  4.686  4.686  4.686  4.686  4.686  4.686  4.686  4.686  4.686  4.686
  4.686  4.686  4.686  4.686  4.686  4.686  4.686  4.686  4.686  4.686  4.686  4.686  4.686  4.686  4.686  4.686  4.686  4.686  4.686
  4.686  4.686  4.686  4.686  4.686  4.686  4.686  4.686  4.686  4.686  4.686  4.686  4.686  4.686  4.686  4.686  4.686  4.686  4.686
  4.686  4.686  4.686  4.686  4.686  4.686  4.686  4.686  4.686  4.686  4.686  4.686  4.686  4.686  4.686  4.686  4.686  4.686  4.686
  4.686  4.686  4.686  4.686  4.686  4.686  4.686  4.686  4.686  4.686  4.686  4.686  4.686  4.686  4.686  4.686  4.686  4.686  4.686
  4.686  4.686  4.686  4.686  4.686  4.686  4.686  4.686  4.686  4.686  4.686  4.686  4.686  4.686  4.686  4.686  4.686  4.686  4.686
  4.686  4.686  4.686  4.686  4.686  4.686  4.686  4.686  4.686  4.686  4.686  4.686  4.686  4.686  4.686  4.686  4.686  4.686  4.686
  5.046  5.046  5.046  5.046  5.046  5.046  5.046  5.046  5.046  5.046  5.046  5.046  5.046  5.046  5.046  5.046  5.046  5.046  5.046
  5.046  5.046  5.046  5.046  5.046  5.046  5.046  5.046  5.046  5.046  5.046  5.046  5.046  5.046  5.046  5.046  5.046  5.046  5.046
  5.046  5.046  5.046  5.046  5.046  5.046  5.046  5.046  5.046  5.046  5.046  5.046  5.046  5.046  5.046  5.046  5.046  5.046  5.046
  5.046  5.046  5.046  5.046  5.046  5.046  5.046  5.046  5.046  5.046  5.046  5.046  5.046  5.046  5.046  5.046  5.046  5.046  5.046
  5.046  5.046  5.046  5.046  5.046  5.046  5.046  5.046  5.046  5.046  5.046  5.046  5.046  5.046  5.046  5.046  5.046  5.046  5.046
  5.046  5.046  5.046  5.046  5.046  5.046  5.046  5.046  5.046  5.046  5.046  5.046  5.046  5.046  5.046  5.046  5.046  5.046  5.046
  5.046  5.046  5.046  5.046  5.046  5.046  5.046  5.046  5.046  5.046  5.046  5.046  5.046  5.046  5.046  5.046  5.046  5.046  5.046
  5.046  5.046  5.046  5.046  5.046  5.046  5.046  5.046  5.046  5.046  5.046  5.046  5.046  5.046  5.046  5.046  5.046  5.046  5.046
  5.046  5.046  5.046  5.046  5.046  5.046  5.046  5.046  5.046  5.046  5.046  5.046  5.046  5.046  5.046  5.046  5.046  5.046  5.046
  5.046  5.046  5.046  5.046  5.046  5.046  5.046  5.046  5.046  5.046  5.046  5.046  5.046  5.046  5.046  5.046  5.046  5.046  5.046
  5.046  5.046  5.046  5.046  5.046  5.046  5.046  5.046  5.046  5.046  5.046  5.046  5.046  5.046  5.046  5.046  5.046  5.046  5.046
  5.046  5.046  5.046  5.046  5.046  5.046  5.046  5.046  5.046  5.046  5.046  5.046  5.046  5.046  5.046  5.046  5.046  5.046  5.046
  5.046  5.046  5.046  5.046  5.046  5.046  5.046  5.046  5.046  5.046  5.046  5.046  5.046  5.046  5.046  5.046  5.046  5.046  5.046
  5.046  5.046  5.046  5.046  5.046  5.046  5.046  5.046  5.046  5.046  5.046  5.046  5.046  5.046  5.046  5.046  5.046  5.046  5.046
  5.046  5.046  5.046  5.046  5.046  5.046  5.046  5.046  5.046  5.046  5.046  5.046  5.046  5.046  5.046  5.046  5.046  5.046  5.046
  5.046  5.046  5.046  5.046  5.046  5.046  5.046  5.046  5.046  5.046  5.046  5.046  5.046  5.046  5.046  5.046  5.046  5.046  5.046
  5.046  5.046  5.046  5.046  5.046  5.046  5.046  5.046  5.046  5.046  5.046  5.046  5.046  5.046  5.046  5.046  5.046  5.046  5.046
  5.046  5.046  5.046  5.046  5.046  5.046  5.046  5.046  5.046  5.046  5.046  5.046  5.046  5.046  5.046  5.046  5.046  5.046  5.046
  5.046  5.046  5.046  5.046  5.046  5.046  5.046  5.046  5.046  5.046  5.046  5.046  5.046  5.046  5.046  5.046  5.046  5.046  5.046
  5.046  5.046  5.046  5.046  5.046  5.046  5.046  5.046  5.046  5.046  5.046  5.046  5.046  5.046  5.046  5.046  5.046  5.046  5.046
  5.046  5.046  5.046  5.046  5.046  5.046  5.046  5.046  5.046  5.046  5.046  5.046  5.046  5.046  5.046  5.046  5.046  5.046  5.046
  5.046  5.046  5.046  5.046  5.046  5.046  5.046  5.046  5.046  5.046  5.046  5.046  5.046  5.046  5.046  5.046  5.046  5.046  5.046
  5.046  5.046  5.046  5.046  5.046  5.046  5.046  5.046  5.046  5.046  5.046  5.046  5.046  5.046  5.046  5.046  5.046  5.046  5.046
  5.701  5.701  5.701  5.701  5.701  5.701  5.701  5.701  5.701  5.701  5.701  5.701  5.701  5.701  5.701  5.701  5.701  5.701  5.701
  5.701  5.701  5.701  5.701  5.701  5.701  5.701  5.701  5.701  5.701  5.701  5.701  5.701  5.701  5.701  5.701  5.701  5.701  5.701
  5.701  5.701  5.701  5.701  5.701  5.701  5.701  5.701  5.701  5.701  5.701  5.701  5.701  5.701  5.701  5.701  5.701  5.701  5.701
  5.701  5.701  5.701  5.701  5.701  5.701  5.701  5.701  5.701  5.701  5.701  5.701  5.701  5.701  5.701  5.701  5.701  5.701  5.701
  5.701  5.701  5.701  5.701  5.701  5.701  5.701  5.701  5.701  5.701  5.701  5.701  5.701  5.701  5.701  5.701  5.701  5.701  5.701
  5.701  5.701  5.701  5.701  5.701  5.701  5.701  5.701  5.701  5.701  5.701  5.701  5.701  5.701  5.701  5.701  5.701  5.701  5.701
  5.701  5.701  5.701  5.701  5.701  5.701  5.701  5.701  5.701  5.701  5.701  5.701  5.701  5.701  5.701  5.701  5.701  5.701  5.701
  5.701  5.701  5.701  5.701  5.701  5.701  5.701  5.701  5.701  5.701  5.701  5.701  5.701  5.701  5.701  5.701  5.701  5.701  5.701
  5.701  5.701  5.701  5.701  5.701  5.701  5.701  5.701  5.701  5.701  5.701  5.701  5.701  5.701  5.701  5.701  5.701  5.701  5.701
  5.701  5.701  5.701  5.701  5.701  5.701  5.701  5.701  5.701  5.701  5.701  5.701  5.701  5.701  5.701  5.701  5.701  5.701  5.701
  5.701  5.701  5.701  5.701  5.701  5.701  5.701  5.701  5.701  5.701  5.701  5.701  5.701  5.701  5.701  5.701  5.701  5.701  5.701
  5.701  5.701  5.701  5.701  5.701  5.701  5.701  5.701  5.701  5.701  5.701  5.701  5.701  5.701  5.701  5.701  5.701  5.701  5.701
  5.701  5.701  5.701  5.701  5.701  5.701  5.701  5.701  5.701  5.701  5.701  5.701  5.701  5.701  5.701  5.701  5.701  5.701  5.701
  5.701  5.701  5.701  5.701  5.701  5.701  5.701  5.701  5.701  5.701  5.701  5.701  5.701  5.701  5.701  5.701  5.701  5.701  5.701
  5.701  5.701  5.701  5.701  5.701  5.701  5.701  5.701  5.701  5.701  5.701  5.701  5.701  5.701  5.701  5.701  5.701  5.701  5.701
  5.701  5.701  5.701  5.701  5.701  5.701  5.701  5.701  5.701  5.701  5.701  5.701  5.701  5.701  5.701  5.701  5.701  5.701  5.701
  5.701  5.701  5.701  5.701  5.701  5.701  5.701  5.701  5.701  5.701  5.701  5.701  5.701  5.701  5.701  5.701  5.701  5.701  5.701
  5.701  5.701  5.701  5.701  5.701  5.701  5.701  5.701  5.701  5.701  5.701  5.701  5.701  5.701  5.701  5.701  5.701  5.701  5.701
  5.701  5.701  5.701  5.701  5.701  5.701  5.701  5.701  5.701  5.701  5.701  5.701  5.701  5.701  5.701  5.701  5.701  5.701  5.701
  5.701  5.701  5.701  5.701  5.701  5.701  5.701  5.701  5.701  5.701  5.701  5.701  5.701  5.701  5.701  5.701  5.701  5.701  5.701
  5.701  5.701  5.701  5.701  5.701  5.701  5.701  5.701  5.701  5.701  5.701  5.701  5.701  5.701  5.701  5.701  5.701  5.701  5.701
  5.701  5.701  5.701  5.701  5.701  5.701  5.701  5.701  5.701  5.701  5.701  5.701  5.701  5.701  5.701  5.701  5.701  5.701  5.701
  5.701  5.701  5.701  5.701  5.701  5.701  5.701  5.701  5.701  5.701  5.701  5.701  5.701  5.701  5.701  5.701  5.701  5.701  5.701
