111.65	-7.94
111.45	-8.87
112.97	-9.81
111.79	-9.11
112.31	-8.65
111.09	-8.94
111.18	-8.94
110.81	-8.85
111.8	-8.68
111.53	-8.49
111.17	-8.95
110.47	-10.26
112.79	-9.65
113.08	-8.65
111.13	-8.99
112.69	-9.13
112.94	-9.27
112.94	-9.19
110.87	-6.06
112.52	-8.82
113.32	-9.66
111.16	-8.81
111.47	-8.81
111.29	-8.69
111.45	-8.81
111.18	-8.64
110.6	-8.91
113.05	-8.92
112.04	-7.96
111.71	-8.65
112.97	-9.44
113.63	-8.1
112.74	-8.06
111.16	-9.02
110.62	-8.99
112.0	-9.74
112.72	-11.16
113.99	-9.63
110.49	-7.96
111.29	-8.73
111.48	-8.28
112.67	-9.22
110.4	-9.03
112.6	-8.32
110.53	-8.99
110.6	-8.97
110.8	-8.72
113.7	-10.83
111.4	-8.47
110.7	-8.62
112.51	-8.81
113.45	-10.7
112.51	-9.28
112.83	-9.52
113.99	-9.72
113.48	-9.24
113.85	-9.74
110.39	-9.4
113.99	-9.67
111.46	-8.72
113.04	-8.9
113.73	-7.76
113.38	-8.01
113.37	-8.02
113.8	-7.53
113.43	-7.96
113.31	-7.91
110.21	-8.8
113.46	-7.95
112.94	-9.24
113.56	-7.95
113.36	-11.01
113.49	-9.23
113.4	-10.11
111.68	-7.96
113.91	-9.6
113.88	-9.62
113.98	-10.55
112.48	-9.12
113.19	-9.02
110.43	-8.03
112.73	-9.08
112.77	-9.51
112.96	-7.77
111.03	-8.41
113.58	-9.45
111.87	-10.97
112.42	-8.69
110.46	-9.42
113.48	-9.33
110.3	-9.21
111.17	-8.89
112.91	-9.05
112.47	-6.86
113.97	-7.74
113.96	-7.72
113.98	-7.72
110.52	-9.11
113.15	-9.24
113.72	-10.76
110.76	-8.63
112.97	-10.07
113.43	-7.97
112.15	-9.01
112.49	-10.59
113.65	-7.13
113.62	-7.11
111.72	-9.0
112.83	-8.77
113.64	-10.75
110.0	-8.96
112.26	-8.07
113.59	-10.45
112.95	-9.5
112.88	-9.46
110.59	-7.87
111.9	-8.36
113.51	-9.25
112.21	-8.37
112.66	-8.35
113.06	-10.25
112.39	-9.21
111.46	-8.17
111.81	-7.46
113.83	-10.92
113.29	-8.35
113.52	-10.49
110.32	-8.73
112.89	-9.3
110.16	-8.95
110.14	-8.86
113.14	-9.75
112.94	-9.57
113.5	-9.34
112.97	-9.47
113.37	-10.3
112.86	-9.98
112.66	-9.13
111.22	-9.06
112.72	-8.53
111.38	-8.7
111.26	-8.66
110.45	-9.02
110.61	-5.99
111.96	-11.21
110.27	-8.91
110.53	-7.92
113.61	-10.76
113.47	-10.72
113.53	-8.3
110.15	-9.09
112.45	-6.82
112.46	-8.94
112.97	-9.75
113.02	-9.68
112.94	-9.81
112.97	-9.65
113.61	-9.61
113.01	-9.63
113.06	-9.1
113.04	-9.57
112.15	-8.93
113.32	-9.15
112.97	-9.66
112.97	-9.71
111.96	-7.73
112.07	-7.78
112.75	-10.59
112.61	-9.43
112.59	-10.22
113.73	-10.72
111.48	-8.19
110.51	-8.79
110.61	-10.21
113.26	-9.31
111.27	-9.1
110.56	-5.86
111.04	-8.67
112.28	-9.38
113.91	-9.51
110.98	-10.39
110.54	-8.66
112.86	-9.58
111.44	-8.65
112.71	-8.55
113.12	-9.36
113.02	-9.65
112.39	-9.1
113.07	-9.23
113.49	-9.36
113.95	-7.81
112.04	-8.19
111.21	-9.15
111.36	-8.78
113.8	-11.05
113.87	-10.87
113.85	-10.9
113.85	-10.87
113.9	-10.72
113.96	-10.86
113.84	-10.81
113.9	-10.92
113.98	-10.41
113.87	-10.9
113.94	-11.03
113.84	-10.9
113.84	-10.78
113.74	-11.03
113.84	-10.84
113.89	-10.68
113.86	-10.64
113.95	-10.66
113.79	-10.97
113.86	-10.73
113.81	-10.73
113.87	-10.74
113.82	-10.76
113.79	-10.75
113.84	-10.85
113.86	-10.84
113.89	-10.71
113.83	-10.81
113.84	-10.53
113.88	-10.48
113.93	-10.73
113.78	-10.82
113.8	-10.87
113.91	-10.99
113.98	-10.79
113.85	-10.85
113.82	-10.79
113.76	-10.9
113.67	-10.92
113.96	-10.67
113.83	-10.81
113.81	-10.37
113.89	-10.79
113.9	-10.6
110.17	-8.23
113.82	-10.77
113.77	-10.79
113.86	-10.54
113.83	-10.73
113.94	-10.8
113.81	-10.76
113.95	-10.47
113.8	-10.77
113.83	-10.86
113.89	-10.18
113.82	-10.68
113.77	-10.74
113.78	-10.66
113.83	-10.7
113.91	-10.78
113.78	-10.77
113.89	-10.85
113.89	-10.06
113.81	-10.86
113.81	-10.77
113.86	-10.65
113.76	-10.85
113.8	-10.74
110.31	-9.03
113.89	-10.88
113.84	-10.73
113.93	-10.74
113.97	-10.77
113.74	-10.79
113.81	-10.77
113.73	-10.43
113.93	-10.75
113.94	-10.73
113.95	-10.74
113.99	-10.67
113.91	-10.79
113.9	-10.59
110.19	-8.89
110.25	-7.99
113.81	-10.89
113.98	-10.72
113.88	-10.63
113.91	-10.94
113.8	-10.84
110.49	-8.98
113.79	-10.85
113.81	-10.78
112.99	-9.5
113.82	-8.95
113.81	-10.8
113.83	-10.77
113.93	-10.9
113.9	-10.87
113.81	-10.87
113.78	-10.89
113.74	-10.82
113.8	-10.73
113.76	-10.87
113.96	-10.78
113.87	-10.77
113.85	-10.9
113.84	-10.83
113.91	-10.66
113.93	-10.7
113.89	-10.82
113.89	-10.79
113.71	-10.67
113.88	-10.69
113.97	-10.62
113.9	-10.76
113.85	-10.69
113.92	-10.95
113.91	-10.83
113.77	-10.8
113.72	-10.89
113.66	-10.87
113.77	-10.66
113.95	-10.93
113.94	-10.81
113.84	-10.78
113.07	-7.17
110.38	-9.08
113.76	-10.8
113.73	-10.71
113.7	-10.88
113.8	-10.26
110.38	-9.01
110.32	-8.99
113.7	-10.96
113.71	-10.97
113.82	-10.4
110.29	-9.17
113.79	-10.69
113.7	-10.2
113.79	-10.83
113.77	-10.82
113.83	-10.56
113.92	-10.82
113.9	-10.6
113.84	-10.92
113.85	-10.04
113.81	-10.44
113.88	-10.75
113.84	-10.76
113.92	-10.67
113.77	-10.63
113.76	-10.42
113.97	-10.82
113.87	-10.69
113.73	-10.76
113.82	-10.66
113.75	-10.86
113.91	-10.71
113.88	-10.67
113.86	-10.85
113.82	-10.82
113.5	-11.46
113.84	-10.69
113.92	-10.66
113.93	-10.8
113.94	-10.68
113.96	-10.63
113.98	-10.78
113.92	-10.85
113.84	-9.44
113.25	-8.54
113.93	-10.8
113.74	-10.75
113.87	-10.71
113.89	-10.72
113.06	-8.99
113.86	-10.87
113.94	-10.82
113.96	-10.68
113.77	-10.67
113.77	-10.89
113.9	-10.78
113.92	-10.63
113.65	-10.52
113.95	-10.76
113.92	-10.64
113.79	-10.81
112.44	-8.62
113.64	-11.04
112.87	-7.93
113.93	-10.71
113.96	-10.73
113.71	-10.78
113.81	-10.82
113.8	-10.57
112.98	-9.51
113.89	-10.67
112.89	-9.77
113.78	-10.87
110.58	-8.63
113.75	-10.77
113.75	-10.81
113.72	-10.81
113.73	-10.9
113.76	-10.76
113.77	-10.65
113.83	-10.67
113.78	-10.69
113.91	-10.6
113.89	-10.52
113.8	-10.73
113.8	-10.76
113.72	-10.81
113.05	-9.2
113.79	-10.77
112.07	-8.99
111.12	-9.07
113.93	-9.27
113.97	-10.53
113.91	-10.65
113.8	-10.5
112.85	-9.09
113.66	-10.69
113.77	-10.77
113.84	-10.74
113.88	-10.93
113.8	-10.9
111.33	-7.35
113.75	-10.87
113.83	-9.97
112.44	-8.65
110.64	-9.03
113.71	-10.95
111.14	-8.51
112.11	-8.06
111.22	-9.13
112.9	-8.5
110.62	-9.16
112.13	-8.81
111.65	-8.87
113.88	-10.68
110.37	-9.37
112.72	-8.66
113.16	-8.99
113.11	-9.38
112.93	-9.39
112.06	-8.32
113.96	-10.81
113.84	-10.86
113.95	-10.87
110.95	-8.81
111.59	-8.22
112.91	-9.06
113.7	-10.85
113.71	-10.91
113.76	-10.77
113.67	-11.03
113.75	-10.8
112.57	-10.64
111.19	-8.61
113.93	-10.64
112.7	-9.0
110.97	-9.1
113.38	-8.94
111.12	-8.93
111.44	-7.89
111.55	-8.01
111.47	-7.83
111.47	-7.76
110.46	-9.04
113.72	-7.93
112.36	-8.95
110.95	-8.84
110.64	-8.82
113.37	-8.42
113.97	-8.19
110.34	-8.75
113.75	-8.11
113.35	-9.01
113.27	-9.03
113.84	-9.37
112.86	-9.35
113.98	-10.66
113.99	-10.77
113.84	-10.99
111.32	-9.1
110.92	-8.82
110.53	-8.03
113.78	-10.65
110.56	-7.84
112.2	-10.74
110.14	-9.49
110.22	-9.41
110.14	-9.39
110.2	-9.48
111.54	-8.66
112.03	-9.07
110.0	-7.65
113.21	-9.89
113.32	-9.73
111.67	-8.02
112.54	-8.88
113.86	-10.71
110.4	-8.62
113.84	-10.49
113.01	-8.93
112.84	-9.62
112.87	-9.49
112.94	-9.47
112.56	-11.42
111.77	-10.13
112.51	-8.12
112.86	-8.88
111.36	-8.77
110.55	-8.79
110.46	-8.83
112.34	-10.55
113.19	-9.21
112.54	-6.91
111.03	-9.25
112.94	-9.23
110.91	-8.05
112.93	-9.53
112.99	-9.33
112.89	-9.57
112.92	-9.69
111.19	-8.69
110.58	-9.09
110.54	-9.17
110.56	-9.14
110.12	-7.95
112.95	-9.53
110.08	-9.28
111.44	-8.61
111.74	-7.44
110.66	-9.75
112.55	-10.56
113.05	-9.34
111.38	-7.97
110.72	-8.47
110.39	-9.23
111.19	-8.67
110.39	-9.29
113.87	-10.86
113.18	-10.33
113.27	-9.16
110.42	-8.96
111.22	-10.76
112.05	-6.94
111.53	-8.74
110.75	-8.39
110.77	-8.18
112.78	-8.4
113.52	-9.2
111.57	-8.13
111.49	-9.26
111.57	-8.15
111.82	-9.14
113.92	-10.8
113.9	-10.69
112.16	-11.37
111.67	-10.35
110.65	-9.09
112.23	-6.52
112.85	-9.21
113.81	-10.54
112.67	-7.47
113.82	-10.69
113.42	-8.01
110.06	-9.03
113.48	-9.32
112.57	-9.18
110.53	-9.64
113.87	-9.36
111.17	-8.99
112.42	-8.41
111.35	-8.98
111.55	-8.82
111.32	-8.81
111.3	-8.44
112.94	-9.44
113.72	-11.13
113.96	-10.78
112.96	-9.31
110.48	-8.0
112.75	-6.15
112.95	-8.58
111.29	-8.39
112.29	-10.41
111.2	-9.24
113.87	-10.62
113.52	-11.67
110.01	-7.07
113.99	-10.99
112.33	-9.62
111.46	-8.6
110.7	-6.76
111.56	-8.47
111.06	-8.76
111.47	-9.16
111.47	-10.25
113.91	-10.91
111.28	-9.08
110.48	-8.98
110.46	-11.16
111.65	-10.86
113.0	-9.0
110.41	-9.12
110.6	-8.42
113.89	-10.78
113.89	-10.81
110.52	-9.01
111.86	-8.94
111.33	-8.95
110.66	-8.55
111.8	-8.75
113.96	-10.55
111.37	-8.33
112.54	-8.79
113.0	-9.16
113.06	-8.92
110.48	-9.03
110.44	-8.66
113.14	-8.49
113.05	-9.03
111.99	-9.2
112.89	-9.56
112.8	-8.56
113.04	-8.85
112.0	-10.38
110.4	-8.98
110.54	-8.56
112.94	-8.16
111.76	-8.76
110.87	-8.86
110.87	-8.84
110.45	-8.03
110.94	-8.68
113.06	-9.26
113.14	-6.28
112.2	-10.54
113.74	-10.78
110.62	-8.82
110.75	-9.0
110.19	-9.06
113.29	-9.08
113.45	-10.24
113.32	-8.59
111.24	-9.15
111.46	-7.88
110.42	-8.93
110.57	-9.11
110.41	-8.4
112.49	-8.91
111.89	-11.38
111.03	-8.97
112.04	-11.01
110.28	-8.42
111.9	-8.96
111.75	-8.56
113.76	-10.77
113.87	-10.25
111.46	-8.72
113.84	-10.66
113.67	-8.12
111.05	-8.6
110.23	-8.89
110.24	-8.94
111.54	-8.41
110.7	-8.83
111.74	-7.43
113.94	-9.58
113.98	-9.62
110.21	-9.08
112.55	-8.61
113.73	-8.92
110.63	-8.65
112.47	-8.77
110.44	-8.0
113.51	-11.39
110.08	-9.39
110.18	-9.11
111.2	-9.07
113.77	-10.98
113.23	-7.86
112.86	-9.44
113.34	-9.25
111.97	-8.92
110.44	-8.86
112.77	-8.49
112.61	-8.59
111.25	-9.67
111.43	-8.76
110.51	-9.27
110.55	-7.97
111.04	-8.85
110.47	-8.01
110.39	-8.04
111.92	-7.82
112.4	-8.47
113.1	-10.97
110.78	-11.89
110.58	-9.15
113.06	-8.88
112.31	-8.91
112.87	-9.42
111.76	-8.75
111.8	-8.46
111.27	-8.87
113.17	-10.47
112.49	-8.82
113.17	-9.1
113.72	-10.84
110.48	-9.02
111.45	-8.94
111.18	-8.98
113.89	-9.61
111.71	-9.36
111.7	-8.3
110.26	-8.68
110.21	-8.27
110.09	-8.47
111.3	-8.93
112.45	-8.87
110.4	-8.78
111.67	-9.48
110.41	-8.01
110.52	-7.4
113.98	-9.67
110.96	-7.58
110.91	-10.76
111.08	-6.16
110.78	-7.75
111.41	-9.12
113.63	-8.08
113.23	-10.43
111.12	-8.47
112.09	-7.42
112.5	-8.84
110.81	-8.65
110.47	-8.77
110.56	-9.6
111.81	-8.94
112.99	-9.08
111.1	-8.7
112.22	-7.91
113.54	-9.12
112.83	-9.65
110.46	-8.99
111.04	-8.94
110.97	-8.86
111.74	-10.93
110.6	-9.12
110.44	-8.43
112.42	-6.22
111.4	-9.07
110.66	-9.04
110.41	-9.35
110.44	-9.43
113.06	-8.99
110.99	-8.82
110.38	-5.86
110.59	-7.91
113.06	-9.33
110.84	-7.19
110.71	-9.15
113.98	-9.66
110.58	-7.82
110.28	-9.23
110.34	-9.24
110.31	-9.19
110.35	-9.19
110.37	-9.27
110.41	-9.16
110.47	-8.84
110.36	-9.15
110.38	-9.27
110.3	-9.1
110.43	-9.12
110.47	-9.03
110.48	-9.18
110.41	-9.13
110.52	-8.84
110.37	-9.23
110.43	-9.28
113.55	-10.48
110.32	-8.86
111.17	-7.53
111.88	-8.91
110.35	-9.13
110.47	-9.2
110.58	-9.01
110.43	-9.12
110.44	-9.05
110.52	-8.93
110.41	-9.09
110.4	-9.07
110.35	-9.04
112.02	-9.03
110.6	-8.75
110.46	-9.16
112.05	-9.12
113.95	-7.96
110.5	-7.98
110.89	-8.36
110.83	-10.84
112.19	-9.31
112.86	-8.79
110.82	-8.89
112.93	-9.07
111.05	-8.71
110.27	-9.06
111.33	-8.9
112.87	-9.08
112.77	-7.03
110.15	-8.02
112.68	-8.71
110.03	-10.74
112.79	-9.53
113.0	-8.74
113.48	-9.19
110.89	-8.71
112.21	-9.47
111.04	-8.74
110.93	-7.84
113.12	-8.71
111.54	-9.76
111.46	-9.85
111.54	-9.78
110.28	-9.09
111.22	-8.84
113.09	-8.55
110.08	-9.6
111.42	-8.51
112.99	-9.37
111.48	-9.25
113.85	-9.66
113.04	-9.28
111.44	-7.19
112.49	-8.85
111.25	-6.98
113.08	-8.93
110.39	-8.93
111.33	-9.07
110.29	-8.61
113.07	-7.32
113.14	-9.06
112.51	-9.34
113.7	-9.32
111.82	-9.4
110.0	-8.81
110.24	-8.87
113.99	-9.43
111.35	-9.12
111.15	-10.14
110.47	-7.96
112.48	-9.67
110.08	-9.08
113.91	-9.68
111.48	-8.81
110.7	-9.15
112.81	-9.36
111.63	-8.98
113.25	-7.59
112.49	-8.9
111.08	-8.98
111.39	-9.09
113.24	-9.37
113.83	-9.56
113.24	-10.54
110.37	-9.25
110.39	-9.24
110.5	-9.14
110.38	-9.13
110.34	-9.25
110.49	-9.04
110.34	-8.48
110.54	-8.77
111.31	-8.85
111.34	-8.78
113.55	-9.31
112.65	-8.62
113.04	-9.08
110.12	-8.88
111.76	-7.59
111.75	-7.6
112.76	-10.32
112.71	-10.2
112.77	-10.35
112.77	-10.33
110.5	-7.98
113.57	-9.48
111.6	-8.79
110.64	-8.77
112.98	-7.89
113.04	-9.05
112.81	-9.12
111.35	-8.95
113.92	-9.45
112.48	-8.94
113.88	-9.47
111.58	-7.25
113.64	-8.03
110.05	-7.15
110.43	-9.07
110.38	-9.04
113.72	-8.08
113.73	-8.05
110.22	-8.93
111.3	-7.86
112.99	-7.91
113.84	-10.14
113.33	-9.32
111.92	-8.47
110.39	-8.88
111.71	-9.35
111.67	-9.43
112.87	-9.5
112.89	-9.5
112.86	-9.36
112.85	-9.42
112.44	-11.28
113.8	-10.76
113.07	-9.26
112.3	-7.21
113.01	-6.34
113.88	-8.19
113.82	-8.16
113.94	-8.2
113.78	-9.09
113.92	-8.21
111.14	-8.93
112.75	-9.54
113.06	-7.54
111.23	-8.95
112.82	-9.6
112.84	-9.64
110.85	-5.98
112.56	-8.67
113.92	-8.14
113.88	-8.18
110.36	-9.38
112.8	-9.67
112.82	-9.78
112.81	-9.63
112.86	-9.6
112.81	-9.76
111.14	-9.0
113.93	-8.15
110.3	-9.18
110.33	-7.81
113.91	-8.09
111.32	-9.04
113.98	-8.18
110.34	-9.42
110.34	-9.47
110.38	-9.35
110.35	-9.44
110.36	-9.41
110.5	-9.53
110.38	-9.25
112.08	-8.44
110.31	-9.01
113.95	-8.28
113.99	-8.18
113.95	-9.48
113.88	-8.12
113.67	-7.98
113.95	-8.22
111.37	-10.98
112.83	-9.56
111.46	-9.09
112.81	-9.19
110.33	-8.83
110.27	-8.4
112.88	-9.42
113.14	-9.15
111.82	-7.47
113.92	-10.21
111.21	-6.07
110.5	-8.07
110.3	-9.03
110.89	-8.81
110.53	-8.01
110.46	-7.34
111.39	-8.15
111.22	-6.28
111.5	-9.26
113.73	-9.84
113.95	-8.11
110.54	-8.79
111.46	-8.75
111.7	-7.76
111.23	-8.99
111.19	-8.91
110.39	-5.89
111.3	-9.1
113.95	-8.52
110.89	-10.15
112.46	-8.98
110.05	-8.77
112.73	-9.63
111.19	-11.25
113.51	-9.52
111.29	-9.01
112.63	-9.41
112.59	-9.57
112.6	-9.47
112.41	-8.93
112.55	-9.78
113.93	-8.14
113.06	-9.14
110.9	-8.9
110.69	-7.74
110.77	-8.48
112.99	-9.27
111.14	-8.48
110.02	-8.98
112.5	-8.8
110.22	-8.86
111.68	-8.28
111.71	-9.16
113.93	-8.4
111.78	-8.77
110.0	-8.73
111.88	-7.62
111.89	-7.63
111.75	-7.77
112.18	-8.7
111.79	-8.28
111.79	-7.64
111.73	-7.74
111.74	-7.76
111.93	-8.43
112.59	-11.02
110.83	-10.69
112.71	-8.48
111.44	-8.82
110.44	-9.05
110.41	-9.13
110.38	-9.24
110.42	-7.38
112.98	-9.39
113.01	-7.58
110.41	-8.97
110.22	-8.95
111.49	-8.35
110.52	-7.96
112.26	-10.47
113.01	-9.1
110.45	-8.9
111.38	-8.84
112.87	-9.24
113.1	-9.2
110.5	-8.0
111.88	-9.29
111.58	-7.8
111.17	-8.47
111.86	-9.34
110.34	-9.38
110.46	-9.18
110.45	-9.21
110.36	-9.24
110.42	-9.22
110.47	-9.1
110.41	-7.42
111.85	-7.56
111.75	-7.58
112.66	-9.55
111.2	-8.77
110.61	-9.11
110.86	-8.76
112.83	-9.65
111.69	-8.12
112.4	-8.87
110.55	-7.77
110.52	-8.0
110.68	-9.03
112.83	-8.52
111.67	-8.29
110.91	-6.37
111.62	-8.72
111.36	-8.9
110.48	-7.95
112.76	-8.08
112.89	-9.6
112.75	-9.61
110.47	-8.01
111.8	-8.09
111.72	-8.22
112.03	-10.36
112.28	-6.78
111.67	-7.65
111.26	-9.01
112.98	-7.91
111.16	-10.27
112.55	-8.84
110.24	-8.84
113.67	-9.56
112.32	-9.54
110.48	-8.02
110.42	-9.39
110.56	-7.76
110.46	-8.03
113.79	-9.78
111.26	-8.96
112.72	-8.49
113.81	-9.62
111.16	-10.26
110.35	-8.85
110.54	-8.07
110.54	-7.83
113.74	-8.77
112.32	-8.88
110.45	-8.76
110.47	-8.99
113.35	-8.64
110.16	-9.4
112.25	-9.09
112.92	-9.5
112.91	-9.49
112.98	-9.3
112.92	-9.37
112.86	-9.75
113.26	-8.43
110.42	-9.28
111.24	-8.19
112.86	-9.58
113.52	-9.48
113.28	-9.35
113.91	-9.53
113.06	-9.19
110.35	-8.52
111.16	-8.75
111.31	-8.93
113.02	-9.1
110.17	-9.08
112.94	-9.43
110.58	-8.68
112.82	-9.73
110.24	-8.28
112.89	-9.52
113.99	-9.69
111.39	-11.22
113.67	-10.24
113.84	-9.98
110.03	-8.9
113.06	-9.21
110.49	-8.0
113.07	-10.79
112.84	-9.56
112.21	-9.08
111.2	-8.82
110.63	-7.54
112.53	-8.77
112.6	-8.49
112.61	-8.33
111.23	-8.88
110.64	-9.27
112.52	-11.16
113.56	-7.99
111.22	-8.82
111.28	-8.77
112.2	-8.86
112.77	-9.57
112.94	-7.93
112.97	-9.09
112.93	-9.29
110.75	-9.01
113.04	-9.13
110.48	-9.1
113.39	-8.2
112.49	-8.81
110.73	-8.46
112.55	-8.83
111.77	-7.45
111.83	-7.43
112.01	-7.44
111.8	-7.41
111.81	-7.44
111.85	-7.46
111.79	-7.45
111.82	-7.43
111.79	-7.44
111.88	-7.51
111.8	-7.42
111.91	-7.46
111.42	-7.73
111.97	-7.45
111.82	-7.45
111.84	-7.43
110.49	-9.31
111.86	-7.44
111.82	-7.44
111.73	-7.43
111.77	-7.41
111.71	-7.4
111.76	-7.4
111.76	-7.4
111.79	-7.43
113.47	-9.34
111.82	-7.45
111.77	-7.4
111.8	-7.47
111.79	-7.44
111.75	-7.42
111.76	-7.42
111.86	-7.5
111.83	-7.4
111.84	-7.42
111.83	-7.46
111.81	-7.4
111.67	-7.47
111.77	-7.41
111.79	-7.35
111.79	-7.39
110.56	-8.96
111.47	-10.08
111.84	-7.47
111.85	-7.42
111.85	-7.45
111.82	-7.43
111.81	-7.42
111.8	-7.43
111.79	-7.46
111.85	-7.44
111.84	-7.43
111.89	-7.46
111.82	-7.43
111.87	-7.44
111.91	-7.55
112.08	-7.43
111.97	-7.5
111.93	-7.48
111.86	-7.42
111.98	-7.5
111.8	-7.45
111.82	-7.41
111.84	-7.48
113.81	-8.31
111.85	-7.47
111.8	-7.41
111.36	-8.95
111.87	-7.37
111.77	-7.5
111.84	-7.43
111.8	-7.47
111.85	-7.5
111.92	-7.54
112.43	-9.42
112.36	-9.34
111.87	-7.42
113.19	-8.36
110.25	-10.65
111.82	-7.43
112.26	-8.93
111.79	-7.41
111.97	-7.52
111.82	-7.42
111.86	-7.45
111.47	-8.89
113.76	-8.86
112.56	-9.21
111.83	-7.44
111.51	-10.28
111.94	-7.4
112.48	-8.83
112.86	-9.41
112.82	-9.64
110.55	-6.12
112.18	-9.57
113.47	-9.36
113.45	-9.24
113.47	-9.3
112.91	-8.78
110.81	-8.7
112.5	-9.31
111.44	-8.93
112.5	-9.42
110.2	-9.05
113.92	-9.46
111.42	-8.9
111.91	-6.78
111.44	-8.87
110.94	-9.14
112.75	-8.99
113.2	-10.53
110.85	-8.96
113.35	-9.01
113.81	-10.93
113.91	-9.5
113.78	-9.0
111.83	-7.38
111.29	-8.87
113.33	-8.48
112.52	-11.2
113.05	-7.95
111.32	-8.13
112.12	-9.34
113.46	-8.19
113.0	-9.6
112.87	-7.61
113.21	-6.48
111.99	-9.02
113.15	-9.12
112.87	-9.12
113.3	-9.03
112.44	-8.92
111.43	-8.33
113.55	-9.33
112.48	-8.8
112.87	-9.59
112.83	-9.54
112.89	-9.54
112.74	-9.22
112.09	-9.14
110.41	-9.41
110.35	-9.35
110.38	-9.21
112.07	-8.99
111.73	-7.54
111.55	-7.52
113.47	-9.36
110.53	-7.88
111.96	-7.67
111.74	-7.57
111.75	-7.53
112.02	-9.33
110.61	-9.17
113.49	-9.35
112.84	-9.67
113.45	-8.27
112.84	-9.66
113.94	-9.36
111.36	-8.51
110.48	-9.28
110.24	-8.59
113.1	-10.56
111.33	-8.88
110.26	-8.37
113.91	-9.59
110.43	-9.3
113.66	-9.25
113.93	-9.57
113.45	-9.28
111.09	-8.67
110.86	-8.88
110.63	-10.91
112.97	-9.3
113.9	-9.2
112.15	-7.91
112.98	-9.19
111.4	-11.4
112.89	-8.05
113.45	-9.4
113.44	-9.47
110.35	-7.91
112.4	-9.02
110.79	-8.87
111.72	-8.75
110.48	-7.88
113.99	-9.59
111.99	-8.54
112.25	-9.0
112.57	-9.21
113.06	-9.24
110.22	-8.91
111.59	-8.8
113.99	-9.35
112.9	-9.65
112.76	-9.76
113.2	-9.34
113.98	-9.35
110.43	-9.2
111.75	-8.39
111.76	-8.27
112.49	-8.9
111.1	-6.42
111.13	-6.4
112.53	-8.86
111.63	-9.29
112.62	-8.69
112.93	-9.13
112.96	-9.27
113.4	-9.15
111.14	-8.9
112.09	-8.83
111.66	-8.42
113.34	-9.35
111.77	-7.57
111.22	-10.93
110.94	-8.95
112.47	-9.01
111.53	-7.37
113.96	-9.74
111.18	-8.81
110.27	-8.49
112.73	-8.59
112.83	-9.72
112.71	-9.68
112.37	-9.12
113.2	-8.71
110.48	-8.95
111.08	-8.95
110.1	-8.18
112.72	-8.47
113.47	-9.36
112.92	-9.57
113.4	-10.41
113.3	-9.46
113.26	-9.13
111.6	-9.72
111.66	-9.76
111.71	-9.69
111.77	-9.36
111.68	-9.74
113.91	-11.15
112.45	-8.93
110.43	-8.09
111.52	-10.04
111.64	-9.88
110.37	-8.76
111.78	-8.41
111.5	-8.99
111.54	-8.93
113.3	-10.5
113.96	-9.6
111.61	-8.77
112.47	-8.81
111.69	-9.65
111.66	-9.7
111.62	-9.63
111.63	-9.65
112.13	-9.26
111.73	-9.2
111.61	-10.0
111.59	-9.76
111.61	-9.72
111.64	-8.4
111.78	-9.59
113.56	-10.51
111.49	-9.94
113.4	-8.26
112.53	-8.82
110.16	-8.98
113.61	-8.63
110.4	-8.4
111.6	-9.67
111.3	-8.81
111.29	-8.8
111.63	-9.86
113.0	-9.2
113.08	-6.68
110.18	-9.1
112.07	-9.01
112.27	-7.76
111.09	-8.74
112.84	-9.78
113.92	-9.53
111.43	-8.59
111.5	-9.0
113.93	-9.41
111.33	-7.49
113.3	-10.56
111.3	-9.14
111.31	-9.19
111.62	-7.55
113.09	-9.06
113.12	-9.21
110.29	-9.19
110.28	-9.31
112.08	-6.84
110.52	-8.91
113.21	-9.49
113.52	-9.21
111.15	-8.1
110.26	-9.21
113.12	-9.22
113.0	-7.74
113.01	-6.54
111.18	-8.87
113.65	-9.07
113.87	-9.53
110.97	-9.14
113.11	-9.34
111.64	-9.94
111.63	-9.89
111.76	-8.4
111.76	-8.34
112.81	-9.53
113.03	-9.27
113.97	-9.47
111.83	-11.52
111.05	-8.77
112.84	-8.7
110.0	-8.96
113.26	-11.73
110.61	-8.73
111.89	-8.71
113.95	-8.87
113.6	-7.01
110.73	-8.83
110.37	-7.99
112.22	-9.56
113.9	-9.51
110.19	-8.99
113.07	-8.73
112.98	-9.3
112.89	-9.67
112.85	-9.61
112.88	-9.55
112.92	-9.31
112.07	-9.28
110.25	-9.1
113.06	-8.57
110.67	-8.61
111.61	-9.95
113.48	-9.12
110.52	-9.02
112.09	-9.39
113.77	-8.84
113.32	-10.8
112.95	-10.17
113.03	-9.12
113.14	-7.17
112.85	-9.44
110.58	-9.51
112.17	-8.75
113.62	-10.42
113.3	-9.27
113.1	-8.87
113.06	-6.24
110.69	-8.29
110.49	-9.24
110.18	-9.08
113.43	-8.79
110.03	-9.29
112.78	-9.47
112.83	-9.53
111.24	-9.0
112.88	-9.45
113.81	-10.68
111.73	-7.58
111.25	-9.26
113.94	-9.57
112.26	-9.02
111.62	-7.52
113.98	-9.59
111.4	-7.51
110.21	-8.83
112.42	-8.94
112.58	-8.14
110.81	-8.74
111.7	-9.71
113.09	-10.42
111.78	-9.73
112.83	-9.33
112.85	-9.02
112.86	-9.66
112.79	-9.51
112.83	-9.59
112.8	-9.62
112.86	-9.34
112.73	-9.5
111.8	-11.21
112.88	-9.26
110.47	-7.96
113.22	-9.28
113.52	-8.27
112.17	-7.34
112.87	-9.37
111.77	-9.53
112.78	-8.67
111.66	-9.7
112.89	-9.72
112.73	-9.61
111.86	-7.04
112.5	-8.79
110.46	-8.98
111.72	-8.07
111.69	-9.72
111.8	-9.72
111.7	-9.95
111.75	-9.84
111.81	-9.8
111.82	-9.42
111.95	-8.29
111.8	-9.65
111.7	-9.65
111.72	-9.78
111.84	-9.75
111.67	-9.66
111.92	-8.15
111.63	-9.84
111.77	-9.35
111.8	-9.59
110.33	-9.31
111.65	-9.8
111.65	-9.79
110.35	-9.31
110.78	-9.21
111.75	-9.63
111.68	-9.79
111.76	-9.7
111.73	-9.74
111.68	-9.72
110.59	-8.75
110.08	-5.82
111.17	-9.09
113.32	-10.31
111.8	-9.57
111.54	-7.34
110.72	-8.77
111.27	-9.26
112.01	-9.26
112.88	-9.1
113.89	-9.55
111.93	-9.04
110.17	-9.01
113.04	-9.35
111.06	-8.61
112.89	-9.6
113.06	-9.23
111.66	-8.36
113.49	-9.39
111.81	-9.6
110.39	-9.2
112.86	-9.41
111.4	-8.38
110.13	-8.89
113.02	-8.63
113.43	-9.33
113.54	-9.45
110.62	-9.07
112.86	-9.52
111.53	-9.11
111.79	-7.81
111.08	-8.92
112.84	-8.72
112.75	-9.3
112.93	-9.06
113.61	-7.98
112.66	-9.02
110.97	-7.64
110.36	-9.3
113.62	-9.73
113.09	-9.18
110.15	-5.92
112.38	-9.34
113.03	-9.19
110.52	-8.71
110.07	-7.37
111.86	-9.79
113.17	-9.19
111.29	-8.95
112.52	-8.89
110.41	-9.24
111.86	-9.58
112.05	-8.36
110.44	-8.59
112.5	-6.82
112.49	-6.84
112.81	-9.43
113.0	-9.13
111.26	-9.12
111.87	-9.78
111.3	-9.07
113.72	-9.68
111.28	-8.31
113.89	-8.71
113.35	-9.25
113.21	-10.8
113.07	-10.12
110.14	-8.52
110.82	-9.48
110.3	-9.34
111.5	-7.95
110.44	-8.8
110.79	-8.54
113.85	-9.64
112.81	-8.96
112.21	-11.18
112.36	-8.64
111.91	-9.58
110.47	-9.08
110.23	-8.85
113.45	-9.52
113.31	-9.24
112.89	-9.24
111.04	-10.44
111.12	-10.21
110.23	-9.05
110.92	-8.72
110.86	-9.29
112.85	-11.41
113.19	-10.45
110.39	-7.56
112.24	-10.65
113.49	-9.41
112.85	-9.45
112.93	-6.18
112.78	-9.5
113.44	-10.01
112.95	-6.16
113.05	-9.24
110.44	-8.11
113.03	-8.26
110.82	-9.27
113.3	-8.5
113.67	-10.31
111.28	-9.1
110.19	-9.01
112.17	-9.33
112.93	-9.84
113.99	-9.38
111.24	-8.82
110.1	-8.36
112.24	-10.87
112.26	-10.87
112.28	-10.85
112.24	-10.83
112.18	-10.86
113.99	-9.41
112.21	-10.85
112.26	-10.8
112.27	-10.81
111.95	-7.02
112.88	-8.65
113.14	-9.17
112.89	-9.72
113.01	-9.74
112.85	-9.73
112.88	-9.72
112.89	-9.74
112.94	-9.65
112.88	-9.57
112.93	-9.63
110.76	-8.5
110.8	-8.76
113.95	-8.81
111.79	-10.62
113.06	-9.09
113.38	-9.34
112.86	-9.65
110.56	-9.51
110.55	-8.03
112.84	-9.45
112.46	-9.41
111.33	-8.37
113.2	-9.07
112.91	-9.32
112.89	-9.52
112.86	-9.8
113.63	-8.03
111.16	-9.15
111.93	-8.94
112.92	-9.64
112.84	-9.53
112.81	-9.63
112.86	-9.62
112.82	-9.79
112.25	-9.35
111.51	-9.16
111.76	-8.35
111.4	-8.93
113.28	-9.78
110.51	-8.7
110.27	-8.6
113.53	-10.98
112.89	-9.88
112.36	-9.06
112.8	-9.58
112.76	-9.72
110.4	-8.74
112.88	-9.73
112.47	-8.79
111.18	-9.04
112.86	-9.77
112.87	-9.8
110.68	-5.8
