X          Y          VP
111.594360 -7.840290   8.432
111.494531 -8.892571  20.169 
112.873446 -9.839269  13.527 
111.776506 -9.167142 102.699 
112.343376 -8.629266  86.958 
111.201351 -8.951149  74.712 
111.310783 -9.003709  15.314 
110.831047 -8.858767  75.255 
111.816048 -8.702965  62.972 
111.571948 -8.529448  25.388 
111.299023 -8.999157  18.871 
110.609904 -10.29432  20.3905 
112.790202 -9.664987  38.283 
111.177718 -9.054715  19.947 
112.619499 -9.130402   4.920 
112.894629 -9.276789   1.286 
112.860539 -9.239273   9.154 
110.840112 -6.030449 143.477 
112.510059 -8.860337  50.433 
111.144246 -8.833854  70.951 
111.496704 -8.871276  13.732 
111.352710 -8.748034  53.343 
111.462785 -8.868843  16.134 
111.223071 -8.679732  64.312 
110.664982 -8.996092  18.145 
112.081641 -7.930805 183.383 
111.706185 -8.679638  79.266 
112.861947 -9.472248  35.059 
112.748722 -8.048797  15.357 
111.311849 -9.062217  17.152 
110.670150 -9.053947  20.648 
111.988078 -9.774865  89.751 
112.588192 -11.20008  39.6617 
111.586344 -8.337460  93.757 
112.556608 -9.211985  62.183 
110.397371 -9.129656  18.434 
112.570964 -8.341178 158.311 
110.547095 -9.038858   9.684 
110.550366 -9.009042  13.919 
110.808569 -8.788388  15.609 
111.454435 -8.535558 110.438 
110.718042 -8.656390  11.614 
112.468384 -8.833051  61.545 
112.507926 -9.287518  33.578 
112.796606 -9.545028  40.082 
110.400358 -9.487807   9.034 
111.562231 -8.725786  11.610 
110.210588 -8.862902  22.186 
112.958350 -9.244417  65.387 
111.629679 -7.848922  25.168 
112.423397 -9.108735  65.601 
110.405941 -8.082098   3.117 
112.707756 -9.535380  14.556 
111.050138 -8.469710   7.471 
111.863574 -10.99962   2.9878 
112.385970 -8.703138  67.335 
110.483032 -9.484964  17.036 
110.301408 -9.263283  15.633 
111.208789 -8.929516  14.370 
112.849740 -9.085520  39.355 
112.520410 -6.848349   7.303 
110.550700 -9.120027  64.276 
110.784985 -8.715151   8.570 
112.992025 -10.11599 127.6873 
112.164176 -9.056053  28.033 
112.426367 -10.61949  10.9999 
111.728174 -9.018405  47.546 
112.824097 -8.752201 123.270 
109.977808 -9.017235   3.005 
112.268473 -8.040762 174.781 
112.878906 -9.531778   6.150 
112.837549 -9.523030  12.682 
111.895353 -8.368476 115.360 
112.113924 -8.519883  98.768 
112.661198 -8.307316  99.095 
112.422005 -9.244338  58.615 
111.797575 -7.412649 236.239 
110.311637 -8.797446  17.561 
112.825155 -9.338347   4.390 
110.187923 -9.004972  18.408 
110.159229 -8.945571   3.788 
112.925732 -9.608181   2.672 
112.951147 -9.506455  16.543 
112.637988 -9.149334  51.959 
111.240755 -9.125507  22.871 
112.653247 -8.539390 142.328 
111.448503 -8.672029  88.824 
111.355339 -8.682512  77.451 
110.473755 -9.087847   3.072 
110.530477 -5.929324  -0.772 
111.923657 -11.22547  59.2891 
110.314046 -8.889953  82.590 
110.150586 -9.127220  19.324 
112.452043 -8.901195  23.571 
112.960986 -9.799122   0.837 
113.015316 -9.861550  11.858 
113.001066 -9.705853   9.778 
112.129655 -8.982325  98.679 
112.991813 -9.678000   3.990 
112.952336 -9.730215   5.005 
111.830737 -7.621994  18.648 
112.123568 -7.567735 191.388 
112.695923 -10.63640   2.9024 
112.527759 -9.400130  11.671 
112.645190 -10.20968  14.5748 
111.495256 -8.206367 139.032 
110.484863 -8.876578  14.552 
110.552043 -10.25398   7.3834 
111.320565 -9.089215   2.006 
110.611678 -5.667414 564.105 
111.083301 -8.699366  58.706 
112.292668 -9.430620  26.864 
111.021200 -10.40407  14.7162 
110.532430 -8.707627   5.235 
112.837402 -9.579048  10.487 
111.449284 -8.646982 118.091 
112.709302 -8.588786 128.943 
112.405306 -9.069304  88.469 
112.072396 -8.134383 127.478 
111.365877 -9.189869   7.036 
111.400553 -8.753789  96.016 
110.171370 -8.277485   0.771 
110.329956 -9.120435  20.156 
110.192065 -8.974332   5.917 
110.152466 -8.120751 115.066 
110.556624 -9.057237   2.499 
112.910669 -9.555389  10.482 
110.345101 -9.129926  68.449 
110.369214 -9.057958   5.321 
110.317407 -9.027927   4.833 
110.328800 -9.206847   5.070 
112.414510 -8.652938 115.732 
112.837467 -7.921216 126.267 
112.962801 -9.544270   1.651 
112.874194 -9.782729  11.986 
110.589746 -8.555673 125.637 
112.054395 -8.982817  70.205 
111.178158 -9.088182  20.844 
112.816195 -9.120453  23.907 
112.339738 -8.806243  97.740 
110.583691 -9.079202   0.907 
111.217716 -8.591027  31.417 
112.145272 -8.053064   4.943 
111.340324 -9.166913   4.871 
112.889591 -8.486271 131.093 
110.649341 -9.215989   4.175 
112.143522 -8.825195  75.124 
111.645858 -8.912502  57.824 
110.387410 -9.426227   4.268 
112.708724 -8.653572 114.498 
112.916618 -9.417528  25.998 
112.073796 -8.415430 130.957 
111.034188 -8.868125   8.834 
111.611019 -8.234383 115.427 
112.889242 -9.142161   9.635 
112.567993 -10.63830   4.3204 
111.244572 -8.672415  46.505 
112.519198 -9.015212   0.824 
111.200545 -8.949520  17.334 
111.435514 -7.808858  46.099 
111.478052 -7.913134  62.205 
111.385343 -7.762256  41.810 
111.412703 -7.662612   6.040 
110.440405 -9.071212  10.461 
112.281885 -9.006724  94.473 
110.954118 -8.908137  14.603 
110.681144 -8.841354  85.454 
110.363330 -8.795083  13.639 
112.804126 -9.394102   6.715 
111.369792 -9.136844  12.366 
110.963387 -8.881717  14.366 
112.136060 -10.76125  20.0041 
110.141992 -9.553901   2.579 
110.233276 -9.457294  32.017 
110.277694 -9.552794   6.421 
110.245467 -9.553725   3.361 
111.543612 -8.692374  36.640 
112.064201 -9.095365 116.874 
109.957772 -7.332624 267.786 
111.702686 -8.168319 102.876 
112.539478 -8.939140  27.060 
110.441650 -8.623073  74.853 
112.855526 -9.656577   7.078 
112.856746 -9.549525   3.411 
112.846387 -9.511428  11.520 
112.455086 -11.37638  46.1324 
112.551172 -8.073270   9.862 
112.798128 -8.948520  19.067 
111.368888 -8.795563  49.837 
110.515682 -8.846544   2.320 
110.437036 -8.869146  14.515 
112.259440 -10.58495   0.6647 
112.538599 -6.855784   3.766 
111.101514 -9.270840  88.584 
112.901823 -9.278255  46.303 
110.939600 -8.000187 183.431 
112.923511 -9.585224  12.097 
112.953923 -9.436201   7.211 
112.962223 -9.576249  14.986 
112.913053 -9.733488   9.544 
111.154679 -8.741486  47.435 
110.650301 -9.151623  17.257 
110.643465 -9.190376   8.710 
110.649552 -9.210502   7.246 
110.143481 -7.924711 124.621 
112.935229 -9.570632  14.068 
110.072087 -9.337865  22.640 
111.536768 -8.645957  15.707 
111.718758 -7.372012   2.247 
110.674699 -9.838784 275.564 
112.521322 -10.57443   6.0950 
111.394466 -7.928278 131.670 
110.695508 -8.524798  22.476 
110.492358 -9.273243   6.593 
111.310685 -8.703285  69.672 
110.436491 -9.328280   7.626 
110.387655 -9.040218   4.809 
111.110864 -10.73182  25.2488 
112.057674 -6.899911   2.159 
111.536589 -8.780604   7.956 
110.691512 -8.433602  14.217 
110.774194 -8.206140  87.335 
111.610514 -9.261078   6.853 
111.957153 -9.171574  12.522 
112.117725 -11.36339  11.8633 
111.692969 -10.35518  40.9353 
110.580396 -9.117769   4.436 
112.255387 -6.444138  30.552 
112.803800 -9.244448  17.334 
112.749430 -7.546295  67.300 
110.051392 -9.120703   7.387 
112.528158 -9.180276  72.447 
110.531071 -9.672229  47.161 
111.260856 -9.030983   6.921 
112.431079 -8.406842  98.883 
111.403052 -9.017846  52.478 
111.342847 -8.856387  79.501 
112.923893 -9.496722   5.223 
112.909025 -9.371019  47.952 
112.597339 -6.413503 599.044 
112.947998 -8.530099 137.914 
111.313452 -8.339347 130.685 
111.203491 -9.233611  24.728 
109.961694 -6.945392   5.056 
112.314445 -9.609825  17.616 
111.524040 -8.561175 113.033 
110.629582 -6.714805  17.705 
111.568750 -8.468643 115.748 
111.162939 -8.834352  44.880 
111.535653 -9.157611   2.414 
111.436491 -10.21310  15.9353 
111.347005 -9.094380  22.796 
110.538729 -9.052509   8.198 
110.586100 -11.05258  57.9782 
111.677051 -10.89485   5.0924 
110.490104 -9.195183  10.229 
110.678735 -8.451830  80.789 
110.562606 -9.036454   8.156 
111.851790 -8.955002  72.057 
111.371623 -8.969270  40.948 
110.731755 -8.656371   6.946 
111.803589 -8.752251  62.877 
111.402091 -8.354010 111.653 
112.506803 -8.826630  51.979 
110.569816 -9.103505   7.525 
110.482454 -8.714362  45.613 
111.994027 -9.106256   7.233 
112.805802 -9.586087  21.506 
112.772591 -8.613801 128.930 
111.935929 -10.40421   3.9277 
110.453035 -9.078334   6.614 
110.664673 -8.638914  95.717 
112.932072 -8.105595 151.987 
111.760164 -8.783868  44.215 
110.956779 -8.940833  15.937 
112.210718 -10.57927   8.2579 
110.629281 -8.907138  23.158 
110.230225 -9.150908   5.151 
111.294963 -9.134771   6.899 
110.459814 -9.017319   9.713 
110.615625 -9.228880  47.023 
110.335824 -8.387721  52.875 
112.489274 -8.917804  25.476 
111.903857 -11.40139   4.7832 
111.020923 -9.007420  20.860 
111.962394 -11.03338   4.0404 
110.261214 -8.403736  77.607 
111.940999 -8.963531  22.019 
111.775773 -8.570845 115.053 
111.471777 -8.771464  20.920 
111.072355 -8.659962   5.899 
110.223315 -8.968854  12.341 
110.241227 -8.999214  28.719 
111.597428 -8.477299  12.341 
110.677930 -8.942251  15.028 
111.725505 -7.364543   3.518 
110.225732 -9.057914  38.262 
112.517741 -8.739306  84.562 
110.625993 -8.741002  11.942 
112.468066 -8.821953  56.081 
110.137305 -9.460741   9.106 
110.256909 -9.236159   9.174 
111.265454 -9.046852  28.175 
112.859473 -9.457388   6.016 
111.992220 -8.951558   6.840 
110.420166 -8.914155   2.440 
112.733390 -8.504960 114.897 
112.603361 -8.598805 122.340 
111.183415 -9.689107   0.825 
111.427547 -8.831686  19.259 
110.528939 -9.398166   4.025 
110.536792 -7.940188   3.525 
111.034009 -8.897954  11.896 
110.393791 -8.050096   3.823 
112.425863 -8.465096  95.539 
110.769019 -11.89537  17.1536 
110.542269 -9.191769   0.793 
112.304598 -8.951812   0.616 
112.860181 -9.486293   2.438 
111.764722 -8.785562   8.113 
111.790942 -8.468577 105.849 
111.241073 -8.935111  45.586 
112.477653 -8.870720  35.210 
110.442448 -9.015027  49.383 
111.434782 -8.976820   6.038 
111.244336 -9.007489  10.247 
111.690991 -9.411239  17.479 
110.218978 -8.710769   3.498 
110.170426 -8.241512 116.903 
110.122713 -8.257999 106.513 
111.282479 -8.964692   2.372 
112.488460 -8.896743  42.928 
110.397119 -8.873626  13.625 
111.653516 -9.530442  14.111 
110.978499 -7.450838 246.893 
111.075594 -10.82167   0.3401 
111.029647 -6.046587  20.491 
111.436377 -9.160237  18.552 
111.140902 -8.458858  76.380 
112.074414 -7.433937 199.116 
112.506868 -8.890757  31.049 
110.785986 -8.719239   6.534 
110.409049 -9.640286   4.029 
111.827140 -8.995181   7.900 
113.034969 -9.074844  67.348 
111.059204 -8.703569   5.496 
112.205900 -7.876470 185.269 
112.815104 -9.683511   3.726 
110.489714 -9.046153   7.177 
111.021484 -8.950024  24.516 
110.987842 -8.883487   1.797 
111.774243 -10.94529  18.5321 
110.589958 -9.116973  67.933 
110.421720 -8.541131  25.370 
112.522852 -6.188402 557.513 
111.391195 -9.099776   1.433 
110.659863 -9.074648   7.698 
110.321362 -9.366121   3.181 
110.468335 -9.494688   1.120 
110.976652 -8.880231  17.041 
110.615641 -5.761559 550.103 
110.585628 -7.909216   0.989 
110.667114 -9.166836   4.586 
110.550846 -7.759856  29.559 
110.397510 -9.282664  26.844 
110.285563 -9.262650   3.574 
110.398307 -9.311131   2.316 
110.404997 -9.209931   2.363 
110.491382 -8.938439   4.303 
110.375350 -9.185897   1.081 
110.355021 -9.324192   3.884 
110.264209 -9.147995   4.188 
110.405412 -9.140653   9.673 
110.400456 -9.080202   7.126 
110.403328 -9.222255   6.223 
110.454484 -9.190998   2.495 
110.484741 -8.902027   3.298 
110.308309 -9.278240   2.086 
110.317660 -8.919183   3.989 
111.154915 -7.536648   6.533 
111.872013 -8.943182   5.375 
110.363672 -9.176186  14.487 
110.488786 -9.248464   2.088 
110.544149 -9.042409   7.166 
110.473258 -9.171166  23.117 
110.421924 -9.081906   9.495 
110.454451 -9.134478  15.381 
110.462012 -9.199929   4.580 
110.452319 -9.134681   7.671 
112.012085 -9.085048  12.236 
110.546257 -8.786734   6.725 
110.407552 -9.200563   1.628 
112.056120 -9.141556   2.152 
110.951139 -10.86224   1.8647 
112.237663 -9.350822  64.581 
112.862126 -8.814204  88.074 
110.825301 -8.908297  85.020 
112.920280 -9.126917   1.229 
111.108618 -8.740039  16.307 
110.359993 -9.117352   2.436 
111.311849 -8.937956   3.184 
112.835897 -9.113466  45.253 
110.126603 -8.069443  10.899 
112.666829 -8.735878  87.831 
110.140845 -10.72363  92.7723 
112.709521 -9.560689  22.852 
110.915161 -8.726305   6.518 
110.924422 -7.883377   3.846 
111.443823 -9.758360  22.431 
111.519393 -9.849953  24.454 
111.492546 -9.806908   1.785 
110.317660 -9.138151   1.663 
111.259285 -8.865213  45.500 
111.430924 -8.517317 111.179 
113.024089 -9.379769  29.113 
111.502466 -9.235815  30.622 
111.471053 -7.243751 252.774 
112.487256 -8.886958  53.520 
110.429834 -8.970523  12.878 
111.289657 -9.133894  12.521 
110.317904 -8.632234  55.106 
112.509521 -9.351624  10.327 
111.863037 -9.504007  16.137 
110.065430 -8.869629   7.823 
110.366976 -8.949634   6.557 
111.346281 -9.153628  10.107 
111.170101 -10.14458  24.6148 
112.561174 -9.704029  21.342 
110.110417 -9.151503   4.926 
111.525936 -8.773556  80.142 
110.609033 -9.179994   3.370 
112.831291 -9.425948   6.882 
111.610604 -8.985553  86.938 
112.510140 -9.002018   8.783 
111.098438 -8.988606  72.352 
111.394580 -9.126378   1.741 
110.377238 -9.254659  75.222 
110.392912 -9.309649   8.242 
110.405298 -9.174947   4.722 
110.315283 -9.198174   2.089 
110.273096 -9.294734   3.838 
110.355656 -8.580017   8.073 
110.542586 -8.801201   9.240 
111.286670 -8.908794   1.038 
111.345785 -8.719380 115.340 
112.647542 -8.634080  77.128 
110.112760 -8.945229   5.438 
111.728353 -7.595122  11.657 
111.749097 -7.600081   8.244 
112.750602 -10.29811  62.0488 
112.639974 -10.23256  22.9769 
112.763908 -10.34286  11.1233 
112.737663 -10.35218  12.1770 
111.575545 -8.847557  53.600 
110.661410 -8.779092   5.352 
111.314600 -9.032557  17.204 
112.514355 -9.005998   7.491 
110.444507 -9.153491   4.334 
110.303792 -9.058294   1.948 
110.263330 -9.004763  13.255 
111.274341 -7.826502  15.604 
111.935954 -8.495376  86.809 
110.384253 -8.897840  61.861 
111.633171 -9.394875   5.585 
111.498120 -9.485852   2.164 
112.874976 -9.511222  18.423 
112.842603 -9.564031   4.681 
112.839233 -9.401502   2.489 
112.881022 -9.469002   4.004 
112.490080 -11.24987  43.7402 
111.145231 -8.928313  73.891 
112.726367 -9.590587   6.967 
112.820793 -9.621310   8.760 
112.799683 -9.698982   2.697 
111.083594 -5.814260 567.028 
112.499259 -8.668135 126.217 
110.474194 -9.440737   4.318 
112.814030 -9.758790   7.008 
112.838851 -9.795673   9.233 
112.834766 -9.760804  13.334 
112.845565 -9.693595   6.201 
112.794116 -9.821798   9.574 
111.209871 -9.049131   5.262 
110.421891 -9.260619   0.876 
111.439681 -9.065145   6.117 
110.425854 -9.484843   1.693 
110.397477 -9.391250  54.217 
110.357935 -9.416228   3.267 
110.307471 -9.474743   5.250 
110.471558 -9.452407  15.087 
110.576253 -9.577985   4.617 
110.338981 -9.270722  23.700 
112.111849 -8.442697 169.258 
111.433154 -11.00370  79.9488 
112.834717 -9.582262  65.436 
111.489355 -9.179225   5.923 
110.326953 -8.968707  18.771 
110.307170 -8.341987  99.715 
112.871672 -9.461687   5.512 
111.160010 -6.058824   6.612 
110.453174 -8.027779  -0.768 
110.309603 -8.979543  96.959 
110.899837 -8.840650   8.556 
110.480770 -7.223155 252.003 
111.393864 -8.094071 139.800 
111.208496 -6.185690  30.747 
111.548617 -9.274360   4.833 
110.487703 -8.840810  18.672 
111.469198 -8.817057  41.435 
111.712980 -7.750232   5.205 
111.167310 -8.982716  10.610 
110.545907 -5.859442 558.628 
111.289209 -9.145941   3.348 
110.900448 -10.19167  14.0189 
112.473128 -8.956104  18.923 
110.098804 -8.831839  14.091 
112.774715 -9.674658   0.223 
111.106047 -11.24512  15.0913 
111.269401 -9.067652   8.146 
112.649333 -9.417689  54.472 
112.609611 -9.602738   1.774 
112.617863 -9.466672  80.866 
112.456494 -8.905304  58.422 
112.534188 -9.758886  24.370 
110.910164 -8.993494  24.574 
110.678239 -7.719523  15.442 
110.740430 -8.527366   5.760 
112.979500 -9.307685   7.133 
111.146541 -8.515695  71.803 
109.949894 -9.011474   3.496 
112.497363 -8.852709  47.651 
110.244808 -8.957404   2.535 
111.681388 -8.319804  29.379 
111.632756 -9.229171  16.126 
111.808691 -8.738311 100.828 
110.034798 -8.789392   3.794 
111.902091 -7.635018   6.067 
111.722257 -7.750472   5.697 
112.210376 -8.665770  98.902 
111.840283 -8.435565 115.420 
111.822005 -7.642114   6.999 
111.747559 -7.708261   6.594 
111.749308 -7.724532   7.665 
111.944564 -8.365755 101.106 
112.606738 -11.03432   3.9184 
110.803866 -10.73625  12.6289 
111.428931 -8.906727  22.275 
110.385913 -9.099097  18.236 
110.368050 -9.156244  13.892 
110.313566 -9.285277   2.884 
112.958854 -9.456637  20.350 
110.513477 -9.056205   2.900 
110.207796 -8.939265   4.291 
111.508105 -8.448624 120.392 
110.486507 -8.036436   5.576 
112.289372 -10.50131   5.1403 
110.473535 -8.952498   5.705 
111.391895 -8.841171  86.188 
112.862191 -9.306278   3.650 
110.498633 -8.037848   7.040 
111.855754 -9.339824  10.889 
111.556437 -7.781346   9.564 
111.183122 -8.482141   2.204 
111.824357 -9.376113   1.014 
110.400618 -9.398778  32.790 
110.458439 -9.244384   7.704 
110.424544 -9.260196   4.503 
110.487964 -9.378259  -0.742 
110.425993 -9.290321  16.950 
110.458480 -9.214321   2.189 
111.848796 -7.540578   7.753 
112.690202 -9.545657   2.957 
111.313159 -8.867495  17.193 
110.823234 -8.735108   5.098 
112.875488 -9.668120   4.862 
111.721273 -8.104487 119.601 
112.370272 -8.917232  34.096 
110.548747 -7.728448   6.183 
110.491732 -8.034127   6.939 
110.642228 -9.053624   3.232 
112.814689 -8.515443 123.888 
111.595475 -8.359478  84.309 
110.891121 -6.331593   3.292 
111.623527 -8.806663  25.612 
111.366927 -8.978014   6.871 
112.778621 -8.038851  10.571 
112.913647 -9.643034   3.099 
112.725602 -9.676776   2.383 
110.466960 -7.961949   2.188 
111.798820 -8.067025 128.734 
111.763159 -8.306089 113.937 
111.940096 -10.42117 116.2946 
111.285164 -9.034329   1.792 
111.206307 -10.26142  18.9324 
112.521574 -8.900004  21.873 
110.288835 -8.947955  87.019 
112.328507 -9.567190  63.995 
111.138639 -10.20920  52.8234 
110.348535 -8.896451  23.871 
110.568872 -8.163864  12.705 
110.509863 -7.866558  28.833 
112.316154 -8.942815  22.730 
110.471566 -8.756813   4.313 
110.489421 -9.119798   4.441 
110.035734 -9.422626   2.515 
112.245809 -9.127769  30.449 
112.953166 -9.428122  22.969 
112.963615 -9.364224  10.324 
112.891178 -9.386208   5.633 
112.885449 -9.801074   6.346 
110.462451 -9.292215   0.821 
111.272965 -8.398556  99.022 
112.918742 -9.594070   3.325 
110.363826 -8.513195  82.899 
111.327995 -8.969565   5.435 
110.144710 -9.112569   1.118 
112.890853 -9.404291   4.486 
110.515072 -8.754532  24.266 
112.792952 -9.756242   2.536 
110.275610 -8.252126 131.336 
112.785750 -9.572856   6.247 
111.410270 -11.17662 101.3742 
110.056722 -8.962002   3.928 
110.437410 -8.054384  21.286 
112.819865 -9.605644   1.920 
112.222176 -9.153365  12.312 
111.171753 -8.905281  17.631 
110.734912 -7.579248  45.874 
112.533773 -8.697541 112.120 
112.600659 -8.453490 132.358 
111.228101 -8.943104  11.996 
110.638306 -9.296085   6.045 
112.398389 -11.12797  64.3349 
111.206396 -8.880913  17.905 
111.310824 -8.757336  65.209 
112.192594 -8.936338  15.360 
112.786336 -9.596566  21.453 
112.868783 -9.210508   5.420 
112.897030 -9.300946   3.337 
110.762215 -9.102374  11.568 
110.451449 -9.152088   1.881 
112.495435 -8.874039  37.436 
110.768229 -8.493876   0.933 
112.540438 -8.916513  20.510 
112.032308 -7.436801  26.854 
111.833846 -7.440173   2.357 
111.862305 -7.447794   8.465 
111.866073 -7.488621  13.034 
111.912191 -7.444293   7.626 
111.391528 -7.710863  27.781 
111.981974 -7.434832   7.490 
110.466040 -9.370855   7.570 
111.806185 -7.464877   2.618 
111.809749 -7.424811   4.943 
111.869735 -7.452847  15.294 
112.020020 -7.436757  33.543 
111.825456 -7.436497   9.661 
111.571273 -7.407175  74.801 
111.737785 -7.431815  68.972 
111.877523 -7.487365  16.220 
111.835295 -7.382544   6.504 
111.991097 -7.524536  46.472 
111.830990 -7.455325   5.657 
111.858732 -7.439435  24.649 
111.727409 -7.530234   5.880 
111.888322 -7.446942  20.867 
111.859554 -7.406297   1.629 
110.532902 -9.014803   8.625 
111.440519 -10.14617  10.0915 
111.842782 -7.428794   1.186 
111.867106 -7.445937   2.375 
111.876563 -7.430318   7.356 
111.917261 -7.544462  24.917 
112.123828 -7.449723   3.782 
111.930957 -7.471919   9.143 
111.968953 -7.487353   3.649 
111.851123 -7.431891   2.263 
111.852108 -7.460187  14.505 
111.761873 -7.484826  17.741 
111.769238 -7.446208   7.430 
111.886979 -7.517631  24.797 
111.921965 -7.527186   6.926 
112.406616 -9.483615   9.446 
112.386914 -9.419713  12.973 
111.918058 -7.439028  23.090 
110.178800 -10.70064   1.8077 
112.256982 -8.982356   5.456 
111.981340 -7.530081  10.950 
111.867904 -7.433512   6.671 
111.441691 -8.931346  25.921 
112.591292 -9.231045   3.618 
111.626522 -10.36682   3.8839 
111.914119 -7.380021   2.852 
112.509513 -8.883909  50.598 
112.887858 -9.469273   1.448 
112.785091 -9.698845   2.002 
110.694466 -6.227687 595.598 
112.145801 -9.604019   6.480 
112.916439 -8.791543  69.241 
110.941325 -8.703119  77.475 
112.486816 -9.385592   5.868 
111.443758 -8.956262   6.084 
112.461784 -9.465875   1.557 
110.183285 -9.063890   4.219 
111.453703 -8.930778  14.733 
111.922176 -6.792821   3.100 
111.448437 -8.933999  11.697 
111.002205 -9.153538   3.354 
112.742928 -9.045226   7.409 
110.859212 -9.036362  81.029 
111.224276 -8.968433  17.975 
112.500895 -11.23613   1.5067 
111.336125 -8.142970 128.528 
112.077262 -9.348828   2.042 
112.890991 -7.588030   5.811 
112.031665 -9.024343  79.738 
112.820435 -9.162727   4.190 
112.475326 -8.906093  24.233 
111.458781 -8.358799 127.162 
112.465324 -8.801855  70.579 
112.911442 -9.592076   1.843 
112.845964 -9.588727  23.748 
112.889079 -9.598485   0.142 
112.107544 -9.202689   3.201 
110.343929 -9.389898   2.261 
110.253548 -9.194953  18.343 
112.103988 -8.998252   2.791 
111.554980 -7.510132   4.785 
110.490755 -7.954489   4.377 
111.888761 -7.619577  35.039 
112.023535 -9.338983  42.116 
110.556445 -9.230208   1.705 
110.514030 -9.320724   0.259 
110.167065 -8.631879  45.325 
111.311922 -8.962860  14.392 
110.244572 -8.466183   3.214 
110.422445 -9.361891   7.263 
111.046948 -8.700415  48.510 
110.858122 -8.931463   8.977 
110.752100 -10.94264  29.6144 
112.990511 -9.330811  46.673 
112.139209 -7.938641 179.397 
112.966772 -9.227787   3.923 
111.458252 -11.40910   9.9488 
112.876221 -8.014619 148.635 
110.331209 -7.850786   1.787 
112.383382 -9.105369  61.728 
111.735327 -8.775304   7.660 
110.438794 -7.982077   6.095 
111.981095 -8.527038 107.597 
112.264299 -9.045809   5.950 
112.535620 -9.246792   4.281 
110.296704 -8.944879 109.945 
111.612598 -8.880268  21.572 
112.866032 -9.688284  10.622 
112.849756 -9.768952  45.124 
110.428353 -9.240864   0.138 
111.777482 -8.299551 117.623 
112.494735 -8.906775  58.791 
111.083374 -6.350130   1.076 
111.085506 -6.360285  -0.080 
112.513322 -8.921997   6.693 
111.619735 -9.332034  16.436 
112.585457 -8.701726 116.286 
112.928467 -9.097685   7.986 
112.947412 -9.336629  16.679 
111.097103 -8.903836  74.858 
112.091056 -8.898814  41.487 
111.641602 -8.441803 110.459 
111.288013 -10.99662   2.1058 
110.957381 -9.016229  72.832 
112.461857 -9.077230  69.509 
111.390177 -7.352207  21.783 
111.165275 -8.883825  17.062 
110.225374 -8.538007  11.410 
112.725863 -8.546666  70.143 
112.841903 -9.757236   4.726 
112.727751 -9.713430   3.434 
112.367244 -9.170528   7.094 
111.027694 -9.003681  15.653 
110.125675 -8.187429  78.668 
112.731600 -8.480971   1.167 
112.919507 -9.608649   2.089 
111.671908 -9.777509   7.090 
111.741797 -9.725581  53.268 
111.752848 -9.763291   4.612 
111.742521 -9.403961   8.867 
111.655420 -9.787651   5.419 
112.474967 -8.942519  57.522 
110.414893 -8.144315   3.646 
111.661507 -10.03875  35.1989 
111.656519 -9.881299  24.623 
110.295760 -8.751333  19.550 
111.796851 -8.544214  77.424 
111.487191 -9.030080  17.321 
111.593913 -8.868996  41.496 
112.503247 -8.792957  66.246 
111.736165 -9.682150   0.966 
111.716732 -9.760812   4.159 
111.722428 -9.672173   7.167 
112.125578 -9.312941  22.641 
111.770996 -9.339554 137.519 
111.655200 -9.987454  34.605 
111.544230 -9.764289   4.200 
111.663892 -8.403904 112.200 
111.789990 -9.602880  18.345 
111.681616 -9.965826  14.082 
112.544279 -8.835998 100.173 
110.212736 -9.095609   8.496 
110.412931 -8.392548  74.591 
111.572795 -9.718293  -0.058 
111.303711 -8.820311  62.544 
111.300041 -8.829751  55.504 
111.537378 -9.923472   6.903 
110.229940 -9.180084   5.646 
112.126872 -8.990997  17.582 
112.259766 -7.773061 170.068 
111.074504 -8.786581  40.792 
112.907227 -9.786483   8.030 
111.562240 -9.000505  43.855 
111.334269 -7.499088  23.429 
111.280680 -9.100171  22.343 
111.602100 -7.376796 241.567 
110.421077 -9.271379   5.546 
110.299487 -9.336317   5.446 
110.526571 -8.923875  17.049 
111.143506 -8.242908 101.046 
110.272884 -9.264715   3.580 
111.216659 -8.926574   9.428 
110.983822 -9.114162  68.037 
111.735433 -9.947917  33.944 
111.629688 -9.909225  57.539 
111.751090 -8.338010   3.243 
112.811060 -9.549033   0.250 
111.828361 -11.53520   5.2040 
112.828076 -8.708776  75.574 
110.062793 -9.092945   3.397 
110.601156 -8.784066  69.178 
111.852482 -8.784872  44.899 
110.685018 -8.866837  17.709 
110.380070 -8.077579   4.373 
112.269206 -9.610103   2.625 
110.271867 -8.918524 109.831 
113.030469 -9.321416   0.922 
112.868734 -9.673966  70.665 
112.874797 -9.573020  20.727 
112.912712 -9.600280  15.072 
112.892969 -9.375972   5.744 
112.110726 -9.298990  15.855 
110.264705 -9.144773   5.819 
110.665910 -8.594717  81.433 
111.507194 -9.989589   1.494 
110.500684 -9.028764  35.192 
112.091724 -9.417645  72.830 
112.887793 -10.20967   5.8556 
112.824821 -9.503391   3.304 
110.574528 -9.536499  28.494 
112.152409 -8.836487  47.140 
110.706543 -8.272711  81.143 
110.442049 -9.313337   3.815 
110.126750 -9.090650   7.586 
110.112793 -9.290598  68.062 
112.796549 -9.515559   2.422 
112.832373 -9.561020   2.460 
111.236922 -9.046391   3.760 
111.724048 -7.573133   3.823 
111.258008 -9.296564   2.679 
111.569019 -7.530386 215.603 
111.432699 -7.454840  97.141 
110.166927 -8.889201  23.491 
112.408561 -8.987834   2.632 
110.779053 -8.786967  15.055 
111.751400 -9.679974  21.506 
111.656185 -9.727924  27.345 
112.811825 -9.410782   3.547 
112.811873 -9.097312  16.212 
112.812752 -9.678308  23.602 
112.769157 -9.566394   5.489 
112.769694 -9.641385  10.541 
112.812101 -9.665332   5.027 
112.835303 -9.408789   4.670 
112.713582 -9.557210   5.031 
111.729468 -11.21589   6.5857 
112.849414 -9.307436  16.961 
110.442546 -7.975249  -0.061 
112.178532 -7.377169 245.380 
112.892228 -9.440615   4.940 
111.748446 -9.574923   1.363 
112.767765 -8.672482 111.072 
111.704207 -9.715342   6.931 
112.904932 -9.730392  25.773 
112.676017 -9.668826   4.257 
112.488265 -8.820799  50.918 
110.432170 -9.018910  20.126 
111.765926 -8.096827 123.150 
111.668433 -9.750905   6.178 
111.901123 -9.761581  11.395 
111.694076 -9.984830   8.342 
111.650952 -9.868405   2.647 
111.834709 -9.840697   1.968 
111.773682 -9.450066  -0.123 
111.946908 -8.329436  86.072 
111.824813 -9.702019   2.669 
111.780013 -9.668241  27.033 
111.736654 -9.796277  27.366 
111.791634 -9.777048   1.087 
111.718433 -9.640854  37.969 
111.788460 -8.267864   5.217 
111.641252 -9.835666  25.321 
111.750024 -9.330551  80.295 
111.765422 -9.626732   6.880 
110.326676 -9.344817   3.539 
111.594507 -9.798078  46.560 
111.511947 -9.798520   5.712 
110.391846 -9.377123   5.220 
110.807959 -9.225967   3.518 
111.690869 -9.682595  10.973 
111.686100 -9.788622   7.383 
111.773136 -9.748420  18.721 
111.734619 -9.784202   5.725 
111.727743 -9.751744  15.184 
110.603524 -8.853457  19.647 
110.226864 -5.996119 570.655 
111.187834 -9.105699  70.564 
111.670565 -9.601444   3.921 
111.516439 -7.367277  34.007 
110.718359 -8.768152  61.820 
111.373364 -9.278836   2.294 
112.002686 -9.307898  18.926 
112.877824 -9.105243   1.215 
111.986727 -9.036279  41.217 
110.165283 -9.040096  24.223 
111.035531 -8.655498   3.659 
112.839201 -9.659925   6.529 
111.643978 -8.401706 116.124 
111.742529 -9.626081   2.103 
110.340381 -9.236253  25.820 
112.865259 -9.413320   4.287 
111.407772 -8.438453 128.792 
110.083936 -8.911646  13.956 
110.642912 -9.060936  92.811 
112.823177 -9.595634   4.156 
111.495898 -9.152254   3.576 
111.051107 -8.933046   7.366 
112.823234 -8.698182 108.294 
112.702295 -9.362209   3.201 
112.645776 -9.060981  19.639 
110.984554 -7.575802 226.283 
110.386320 -9.339488  15.414 
110.273234 -5.888580 566.358 
112.366341 -9.334714   7.794 
110.542765 -8.791231  18.898 
111.945646 -9.816743   6.925 
111.264372 -8.994892  16.833 
112.481014 -8.928948  17.430 
110.482617 -9.281662  44.480 
111.833887 -9.619033   3.945 
112.062948 -8.392052 119.182 
110.416504 -8.640374  10.503 
112.866992 -9.466551   2.324 
111.293962 -9.152772   2.630 
111.918896 -9.828549   9.076 
111.267065 -9.078850   2.852 
111.250439 -8.351169   4.766 
110.114502 -8.451756  95.478 
110.832772 -9.529382  20.289 
110.322884 -9.389152   6.227 
111.528467 -7.972041 135.803 
110.364632 -8.863375  59.752 
110.757642 -8.564720   8.816 
112.781942 -9.010530   4.608 
112.116374 -11.19920   8.1269 
112.389559 -8.622141 131.074 
111.939323 -9.594969  55.348 
110.240161 -8.895516   1.379 
112.826896 -9.292459   3.634 
111.099471 -10.46698   4.7220 
111.147640 -10.26221   4.1653 
110.236263 -9.110408   4.389 
110.924202 -8.743771  12.034 
110.855013 -9.340424   4.252 
112.822054 -11.43913   7.6505 
110.324080 -7.540863  98.181 
112.196484 -10.67467   3.4991 
112.832967 -9.518108   1.749 
112.922290 -6.231034 589.409 
112.779622 -9.546812   1.212 
112.936922 -6.316363 595.955 
110.846965 -9.291588   1.559 
110.185539 -9.044036   1.179 
112.267562 -9.359738   2.419 
112.875594 -9.885900   1.463 
111.201090 -8.880429  57.700 
112.242570 -10.88317  25.9230 
112.250651 -10.86849  23.4059 
112.231038 -10.81773  58.0073 
112.178451 -10.83189  12.3892 
112.208203 -10.86117   6.1297 
112.233464 -10.85443   4.8576 
112.201017 -10.82169   4.9275 
112.215942 -10.81427   6.8703 
112.872209 -8.659693  99.946 
112.895467 -9.706285  24.190 
112.907967 -9.722870  29.120 
112.903996 -9.743808  41.253 
112.928727 -9.768170  13.612 
112.924463 -9.660543  36.057 
112.909627 -9.595270   2.745 
112.952441 -9.663413   3.059 
110.826969 -8.799756  91.034 
111.753483 -10.62218   8.5155 
112.847453 -9.680275   4.579 
110.579989 -9.544708   5.834 
112.839632 -9.468185   9.818 
112.395085 -9.408082  24.324 
111.372575 -8.323421  98.175 
112.915625 -9.338155  20.337 
112.876237 -9.551409   1.944 
112.909041 -9.782960  31.197 
111.207796 -9.189749   3.809 
111.986263 -8.984873  18.892 
112.930273 -9.625292  22.315 
112.903841 -9.595357   1.467 
112.839608 -9.677424   1.026 
112.840495 -9.658724   4.997 
112.821615 -9.822400   3.007 
112.260352 -9.377177  10.000 
111.474878 -9.173727  69.956 
111.802751 -8.338383 128.743 
111.385229 -8.985818   3.154 
110.539437 -8.732241  20.911 
110.327523 -8.808376   5.167 
112.840780 -9.916677   0.622 
112.412988 -9.056488  14.367 
112.733952 -9.649122   0.653 
112.784456 -9.760032  11.767 
110.377596 -8.770216  21.772 
112.854525 -9.710292  30.280 
112.482015 -8.825292  15.697 
111.350391 -9.022752   4.725 
112.854500 -9.830094   6.765 
112.851245 -9.856795   1.480 
111.071761 -5.714193 552.963 